/*---------------------------------------------------------------------------*
Caelus 9.04
Web:   www.caelus-cml.com
\*---------------------------------------------------------------------------*/
FoamFile
{
    version 2.0;
    format ascii;
    class labelList;
    location    "constant/polyMesh";
    object neighbour;
}

// * * * * * * * * * * * * * * * * * * * * * * * * * * * * * * * * * * * * * //


23292
(
1
2
3
4
5
6
7
8
9
10
8
11
12
13
14
13
15
16
17
17
18
19
20
21
19
22
23
24
25
22
26
27
28
29
29
30
31
30
32
33
34
34
35
35
36
37
38
37
39
40
41
38
42
43
44
45
46
42
47
48
49
50
51
50
52
52
53
54
53
55
56
57
57
58
58
59
59
60
61
62
61
63
64
62
65
66
67
63
68
69
70
71
72
73
68
74
75
76
77
78
79
79
80
78
81
81
82
83
82
84
85
86
86
87
87
88
88
89
89
90
91
92
91
93
92
94
95
96
93
97
98
99
94
100
101
102
103
104
105
106
100
107
108
109
110
111
112
113
113
114
114
115
112
116
116
117
118
117
119
120
121
121
122
122
123
123
124
124
125
125
126
127
128
127
129
128
130
129
131
132
133
134
130
135
136
137
131
138
139
140
141
142
143
144
145
138
146
147
148
149
150
151
152
153
153
154
154
155
155
156
152
157
157
158
159
158
160
161
162
162
163
163
164
164
165
165
166
166
167
167
168
169
170
169
171
170
172
171
173
172
174
175
176
177
178
173
179
180
181
174
182
183
184
185
186
187
188
189
190
182
191
192
193
194
195
196
197
198
199
199
200
200
201
201
202
202
203
198
204
204
205
206
205
207
208
209
208
210
210
211
211
212
212
213
213
214
214
215
215
216
217
218
218
219
217
220
219
221
220
222
221
223
224
225
226
227
228
222
229
230
231
223
232
233
234
235
236
237
238
239
240
241
232
242
243
244
245
246
247
248
249
250
251
250
252
252
253
253
254
254
255
255
256
251
257
257
258
259
258
260
261
262
261
263
262
264
264
265
265
266
266
267
267
268
268
269
269
270
271
272
271
273
273
274
272
275
274
276
275
277
276
278
279
280
281
282
283
284
277
285
286
287
278
288
289
290
291
292
293
294
295
296
297
298
288
299
300
301
302
303
304
305
306
307
308
309
308
310
309
311
311
312
312
313
313
314
314
315
310
316
316
317
318
317
319
320
321
321
322
320
323
322
324
324
325
325
326
326
327
327
328
328
329
329
330
331
332
331
333
332
334
334
335
333
336
335
337
336
338
337
339
340
341
342
343
344
345
346
338
347
348
349
339
350
351
352
353
354
355
356
357
358
359
360
361
350
362
363
364
365
366
367
368
369
370
371
372
373
372
374
373
375
374
376
376
377
377
378
378
379
379
380
375
381
381
382
383
382
384
385
386
386
387
387
388
385
389
388
390
390
391
391
392
392
393
393
394
394
395
395
396
397
398
397
399
398
400
399
401
401
402
400
403
402
404
403
405
404
406
407
408
409
410
411
412
413
414
405
415
416
417
406
418
419
420
421
422
423
424
425
426
427
428
429
430
418
431
432
433
434
435
436
437
438
439
440
441
442
443
442
444
443
445
444
446
445
447
447
448
448
449
449
450
450
451
446
452
452
453
454
453
455
456
457
457
458
458
459
459
460
456
461
460
462
462
463
463
464
464
465
465
466
466
467
467
468
469
470
470
471
469
472
471
473
472
474
474
475
473
476
475
477
476
478
477
479
480
481
482
483
484
485
486
487
488
478
489
490
491
479
492
493
494
495
496
497
498
499
500
501
502
503
504
505
492
506
507
508
509
510
511
512
513
514
515
516
517
518
519
519
520
518
521
520
522
521
523
522
524
524
525
525
526
526
527
527
528
523
529
529
530
531
530
532
533
534
534
535
535
536
536
537
537
538
533
539
538
540
540
541
541
542
542
543
543
544
544
545
545
546
547
548
547
549
549
550
548
551
550
552
551
553
553
554
552
555
554
556
555
557
556
558
559
560
561
562
563
564
565
566
567
568
557
569
570
571
558
572
573
574
575
576
577
578
579
580
581
582
583
584
585
586
572
587
588
589
590
591
592
593
594
595
596
597
598
599
600
601
601
602
602
603
600
604
603
605
604
606
605
607
607
608
608
609
609
610
610
611
606
612
612
613
614
613
615
616
617
617
618
618
619
619
620
620
621
621
622
616
623
622
624
624
625
625
626
626
627
627
628
628
629
629
630
631
632
632
633
631
634
634
635
633
636
635
637
636
638
638
639
637
640
639
641
640
642
641
643
644
645
646
647
648
649
650
651
652
653
654
642
655
656
657
643
658
659
660
661
662
663
664
665
666
667
668
669
670
671
672
673
658
674
675
676
677
678
679
680
681
682
683
684
685
686
687
688
689
689
690
690
691
691
692
688
693
692
694
693
695
694
696
696
697
697
698
698
699
699
700
695
701
701
702
703
702
704
705
706
706
707
707
708
708
709
709
710
710
711
711
712
705
713
712
714
714
715
715
716
716
717
717
718
718
719
719
720
721
722
722
723
723
724
721
725
725
726
724
727
726
728
727
729
729
730
728
731
730
732
731
733
732
734
735
736
737
738
739
740
741
742
743
744
745
746
733
747
748
749
734
750
751
752
753
754
755
756
757
758
759
760
761
762
763
764
765
766
750
767
768
769
770
771
772
773
774
775
776
777
778
779
780
781
782
783
783
784
784
785
785
786
786
787
782
788
787
789
788
790
789
791
791
792
792
793
793
794
794
795
790
796
796
797
798
797
799
800
801
801
802
802
803
803
804
804
805
805
806
806
807
807
808
800
809
808
810
810
811
811
812
812
813
813
814
814
815
815
816
817
818
817
819
819
820
820
821
818
822
822
823
821
824
823
825
824
826
826
827
825
828
827
829
828
830
829
831
832
833
834
835
836
837
838
839
840
841
842
843
844
830
845
846
847
831
848
849
850
851
852
853
854
855
856
857
858
859
860
861
862
863
864
865
848
866
867
868
869
870
871
872
873
874
875
876
877
878
879
880
881
882
883
883
884
884
885
885
886
886
887
887
888
882
889
888
890
889
891
890
892
892
893
893
894
894
895
895
896
891
897
897
898
899
898
900
901
902
902
903
903
904
904
905
905
906
906
907
907
908
908
909
909
910
901
911
910
912
912
913
913
914
914
915
915
916
916
917
917
918
919
920
920
921
919
922
922
923
923
924
921
925
925
926
924
927
926
928
927
929
929
930
928
931
930
932
931
933
932
934
935
936
937
938
939
940
941
942
943
944
945
946
947
948
933
949
950
951
934
952
953
954
955
956
957
958
959
960
961
962
963
964
965
966
967
968
969
970
952
971
972
973
974
975
976
977
978
979
980
981
982
983
984
985
986
987
988
989
988
990
990
991
991
992
992
993
993
994
994
995
989
996
995
997
996
998
997
999
999
1000
1000
1001
1001
1002
1002
1003
998
1004
1004
1005
1006
1005
1007
1008
1009
1009
1010
1010
1011
1011
1012
1012
1013
1013
1014
1014
1015
1015
1016
1016
1017
1017
1018
1008
1019
1018
1020
1020
1021
1021
1022
1022
1023
1023
1024
1024
1025
1025
1026
1027
1028
1027
1029
1029
1030
1028
1031
1031
1032
1032
1033
1030
1034
1034
1035
1033
1036
1035
1037
1036
1038
1038
1039
1037
1040
1039
1041
1040
1042
1041
1043
1044
1045
1046
1047
1048
1049
1050
1051
1052
1053
1054
1055
1056
1057
1058
1042
1059
1060
1061
1043
1062
1063
1064
1065
1066
1067
1068
1069
1070
1071
1072
1073
1074
1075
1076
1077
1078
1079
1080
1081
1062
1082
1083
1084
1085
1086
1087
1088
1089
1090
1091
1092
1093
1094
1095
1096
1097
1098
1099
1100
1101
1100
1102
1101
1103
1103
1104
1104
1105
1105
1106
1106
1107
1107
1108
1102
1109
1108
1110
1109
1111
1110
1112
1112
1113
1113
1114
1114
1115
1115
1116
1111
1117
1117
1118
1119
1118
1120
1121
1122
1122
1123
1123
1124
1124
1125
1125
1126
1126
1127
1127
1128
1128
1129
1129
1130
1130
1131
1131
1132
1121
1133
1132
1134
1134
1135
1135
1136
1136
1137
1137
1138
1138
1139
1139
1140
1141
1142
1141
1143
1142
1144
1144
1145
1143
1146
1146
1147
1147
1148
1145
1149
1149
1150
1148
1151
1150
1152
1151
1153
1153
1154
1152
1155
1154
1156
1155
1157
1156
1158
1159
1160
1161
1162
1163
1164
1165
1166
1167
1168
1169
1170
1171
1172
1173
1174
1157
1175
1176
1177
1158
1178
1179
1180
1181
1182
1183
1184
1185
1186
1187
1188
1189
1190
1191
1192
1193
1194
1195
1196
1197
1198
1178
1199
1200
1201
1202
1203
1204
1205
1206
1207
1208
1209
1210
1211
1212
1213
1214
1215
1216
1217
1218
1219
1219
1220
1218
1221
1220
1222
1222
1223
1223
1224
1224
1225
1225
1226
1226
1227
1221
1228
1227
1229
1228
1230
1229
1231
1231
1232
1232
1233
1233
1234
1234
1235
1230
1236
1236
1237
1238
1237
1239
1240
1241
1241
1242
1242
1243
1243
1244
1244
1245
1245
1246
1246
1247
1247
1248
1248
1249
1249
1250
1250
1251
1251
1252
1239
1240
1252
1253
1253
1254
1254
1255
1255
1256
1256
1257
1257
1258
1258
1259
1260
1261
1261
1262
1260
1263
1262
1264
1264
1265
1263
1266
1266
1267
1267
1268
1265
1269
1269
1270
1268
1271
1270
1272
1271
1273
1274
1275
1272
1276
1277
1278
1276
1279
1277
1280
1281
1282
1283
1284
1285
1286
1287
1288
1289
1290
1291
1292
1293
1294
1295
1296
1297
1279
1298
1299
1300
1280
1301
1300
1302
1303
1304
1305
1306
1307
1308
1309
1310
1311
1312
1313
1314
1315
1316
1317
1318
1319
1301
1320
1321
1322
1323
1324
1325
1326
1327
1328
1329
1330
1331
1332
1333
1274
1334
1335
1278
1336
1337
1338
1339
1340
1341
1342
1343
1342
1344
1344
1345
1343
1346
1345
1347
1347
1348
1348
1349
1349
1350
1350
1351
1351
1352
1346
1353
1352
1354
1353
1355
1354
1356
1356
1357
1357
1358
1358
1359
1360
1361
1355
1362
1362
1363
1362
1364
1364
1365
1365
1366
1366
1367
1367
1368
1368
1369
1369
1370
1370
1371
1371
1372
1372
1373
1373
1374
1374
1375
1375
1376
1376
1377
1377
1378
1378
1379
1379
1380
1380
1381
1381
1382
1383
1384
1383
1385
1385
1386
1384
1387
1386
1388
1389
1390
1387
1391
1391
1392
1392
1393
1389
1394
1395
1396
1393
1397
1398
1399
1397
1400
1336
1400
1401
1398
1402
1403
1404
1401
1403
1405
1406
1404
1407
1408
1409
1410
1411
1412
1413
1414
1415
1416
1417
1418
1419
1420
1421
1422
1423
1424
1361
1425
1405
1426
1427
1428
1429
1421
1430
1431
1432
1433
1434
1435
1436
1437
1438
1439
1440
1441
1442
1443
1444
1445
1446
1429
1447
1448
1449
1450
1451
1452
1390
1453
1454
1455
1456
1457
1458
1395
1459
1460
1399
1461
1462
1463
1464
1465
1466
1406
1467
1468
1469
1470
1471
1472
1473
1474
1475
1475
1476
1474
1477
1477
1478
1476
1479
1478
1480
1480
1481
1481
1482
1482
1483
1483
1484
1484
1485
1479
1486
1485
1487
1486
1487
1488
1488
1489
1489
1490
1491
1492
1427
1493
1491
1472
1494
1495
1486
1496
1496
1497
1497
1498
1498
1499
1499
1500
1500
1501
1501
1502
1502
1503
1503
1504
1504
1505
1505
1506
1506
1507
1507
1508
1508
1509
1509
1510
1510
1511
1447
1512
1513
1514
1515
1515
1516
1514
1517
1518
1519
1516
1520
1518
1521
1459
1522
1521
1522
1520
1523
1523
1524
1525
1526
1527
1461
1528
1529
1526
1530
1531
1532
1532
1533
1534
1535
1534
1536
1537
1538
1536
1539
1539
1540
1541
1542
1538
1541
1543
1540
1544
1545
1546
1547
1548
1549
1550
1551
1552
1553
1554
1555
1556
1557
1558
1559
1492
1560
1561
1562
1542
1563
1564
1565
1565
1566
1550
1567
1568
1569
1570
1571
1572
1573
1574
1575
1576
1577
1578
1579
1580
1512
1581
1582
1583
1584
1585
1586
1587
1519
1588
1589
1590
1591
1592
1593
1594
1525
1595
1596
1597
1528
1598
1599
1533
1600
1535
1601
1537
1602
1603
1604
1605
1606
1607
1608
1609
1610
1611
1612
1613
1544
1564
1614
1615
1616
1615
1617
1617
1618
1616
1619
1619
1620
1618
1620
1621
1621
1622
1622
1623
1623
1624
1624
1625
1625
1626
1626
1627
1627
1628
1628
1629
1629
1630
1631
1632
1632
1633
1631
1634
1635
1636
1583
1637
1618
1638
1638
1639
1639
1640
1640
1641
1641
1642
1642
1643
1643
1644
1644
1645
1645
1646
1646
1647
1647
1648
1648
1649
1649
1650
1650
1651
1651
1652
1584
1653
1654
1655
1588
1656
1587
1657
1658
1659
1590
1660
1661
1662
1663
1664
1665
1598
1665
1595
1666
1667
1597
1668
1669
1670
1671
1672
1672
1673
1669
1674
1603
1675
1604
1676
1677
1678
1678
1679
1677
1680
1681
1682
1682
1683
1680
1684
1685
1686
1683
1687
1687
1688
1685
1689
1690
1691
1692
1693
1694
1695
1696
1697
1698
1699
1700
1701
1702
1703
1633
1704
1705
1706
1707
1688
1708
1689
1709
1709
1710
1710
1711
1692
1712
1713
1714
1715
1716
1717
1718
1719
1720
1721
1722
1723
1724
1653
1725
1726
1727
1728
1726
1727
1657
1729
1730
1663
1731
1661
1732
1664
1733
1734
1666
1735
1736
1737
1738
1739
1668
1740
1741
1742
1671
1743
1744
1745
1676
1746
1679
1747
1681
1748
1748
1749
1750
1751
1752
1753
1754
1755
1686
1756
1757
1758
1759
1760
1761
1762
1763
1763
1764
1762
1764
1765
1765
1766
1766
1767
1767
1768
1768
1769
1769
1770
1770
1771
1771
1772
1772
1773
1773
1774
1774
1775
1775
1776
1777
1778
1778
1779
1779
1780
1777
1781
1782
1783
1728
1784
1762
1785
1785
1786
1786
1787
1787
1788
1788
1789
1789
1790
1790
1791
1791
1792
1792
1793
1793
1794
1794
1795
1795
1796
1796
1797
1797
1798
1799
1800
1801
1802
1803
1804
1805
1805
1806
1802
1807
1734
1808
1807
1736
1809
1810
1811
1812
1812
1813
1740
1814
1815
1742
1816
1817
1813
1818
1818
1819
1819
1820
1820
1821
1822
1823
1824
1825
1826
1825
1827
1823
1827
1826
1828
1829
1830
1831
1832
1832
1833
1828
1834
1835
1836
1834
1835
1833
1837
1837
1838
1836
1839
1840
1841
1842
1843
1844
1845
1846
1847
1848
1849
1850
1851
1852
1780
1853
1854
1855
1856
1857
1838
1858
1839
1859
1784
1860
1861
1840
1862
1863
1864
1865
1866
1867
1868
1869
1870
1871
1872
1873
1799
1874
1875
1876
1877
1876
1878
1879
1804
1880
1881
1882
1810
1883
1884
1811
1885
1814
1886
1886
1887
1888
1889
1890
1816
1891
1892
1822
1893
1894
1895
1896
1824
1897
1898
1899
1829
1900
1901
1902
1903
1904
1831
1905
1906
1907
1908
1909
1910
1911
1912
1913
1914
1915
1915
1916
1916
1917
1917
1918
1918
1919
1919
1920
1920
1921
1921
1922
1922
1923
1923
1924
1924
1925
1925
1926
1926
1927
1927
1928
1929
1930
1856
1931
1932
1932
1933
1929
1934
1860
1935
1936
1878
1937
1915
1938
1938
1939
1939
1940
1940
1941
1941
1942
1942
1943
1943
1944
1944
1945
1945
1946
1946
1947
1947
1948
1948
1949
1949
1950
1877
1951
1952
1953
1954
1880
1955
1956
1882
1957
1883
1958
1885
1959
1960
1961
1962
1963
1889
1963
1964
1891
1965
1966
1893
1967
1968
1969
1970
1970
1971
1971
1972
1972
1973
1974
1975
1974
1976
1977
1978
1978
1979
1976
1977
1979
1980
1973
1981
1981
1982
1982
1983
1983
1984
1984
1985
1980
1986
1986
1987
1987
1988
1985
1989
1989
1990
1988
1991
1992
1993
1994
1995
1996
1997
1998
1999
2000
2001
2002
2003
1933
2004
2005
1931
2006
2007
2008
2009
1990
2010
1991
2011
2011
2012
2012
2013
1992
2014
2015
2016
2017
2018
2019
2020
2021
2022
2023
2024
2025
2026
2026
2027
1954
2028
2027
2028
2029
1959
2030
1957
2031
2032
2033
2034
2035
1962
2036
2033
2037
2038
2039
1969
2040
2037
2041
1967
2042
2043
1975
2044
2045
2046
2047
2048
2049
2050
2051
2052
2053
2054
2055
2056
2057
2058
2059
2060
2061
2062
2063
2064
2065
2066
2067
2068
2068
2069
2069
2070
2070
2071
2071
2072
2072
2073
2073
2074
2074
2075
2075
2076
2076
2077
2077
2078
2078
2079
2079
2080
2010
2081
2081
2082
2008
2083
2084
2084
2085
2086
2087
2088
2089
2090
2068
2091
2091
2092
2092
2093
2093
2094
2094
2095
2095
2096
2096
2097
2097
2098
2098
2099
2099
2100
2025
2101
2102
2103
2104
2105
2089
2106
2031
2107
2108
2034
2109
2110
2111
2036
2112
2113
2114
2115
2116
2040
2115
2117
2042
2118
2119
2044
2120
2121
2122
2123
2123
2124
2124
2125
2125
2126
2126
2127
2128
2129
2128
2130
2129
2131
2131
2132
2132
2133
2133
2134
2134
2135
2127
2136
2136
2137
2137
2138
2138
2139
2139
2140
2141
2142
2143
2144
2144
2145
2140
2146
2146
2147
2145
2148
2149
2150
2151
2152
2153
2154
2155
2156
2157
2158
2159
2085
2160
2161
2083
2162
2163
2164
2165
2166
2167
2148
2168
2090
2168
2169
2170
2149
2171
2172
2173
2174
2175
2176
2177
2178
2101
2179
2180
2181
2182
2182
2183
2183
2184
2106
2185
2186
2112
2187
2109
2188
2189
2114
2190
2189
2190
2191
2116
2192
2193
2194
2195
2122
2196
2193
2197
2120
2198
2199
2130
2200
2201
2202
2203
2204
2205
2206
2207
2208
2209
2210
2211
2212
2213
2142
2214
2215
2216
2217
2218
2219
2143
2220
2221
2222
2223
2224
2225
2166
2226
2227
2228
2228
2229
2229
2230
2230
2231
2231
2232
2232
2233
2233
2234
2234
2235
2235
2236
2236
2237
2237
2238
2239
2240
2167
2241
2241
2242
2164
2243
2244
2244
2245
2246
2247
2248
2249
2250
2251
2252
2228
2253
2253
2254
2254
2255
2255
2256
2256
2257
2257
2258
2258
2259
2259
2260
2260
2261
2181
2261
2262
2263
2264
2185
2265
2266
2250
2267
2188
2268
2269
2270
2271
2192
2272
2273
2274
2196
2275
2275
2276
2277
2198
2278
2279
2200
2280
2281
2202
2282
2283
2284
2285
2285
2286
2286
2287
2287
2288
2289
2290
2289
2291
2281
2290
2291
2292
2292
2293
2293
2294
2294
2295
2295
2296
2288
2297
2298
2299
2299
2300
2300
2301
2301
2302
2303
2304
2296
2304
2303
2305
2305
2306
2306
2307
2302
2308
2308
2309
2307
2310
2311
2312
2313
2314
2315
2316
2317
2318
2319
2240
2320
2245
2321
2322
2323
2243
2324
2325
2326
2327
2309
2328
2328
2329
2252
2310
2251
2330
2331
2332
2333
2311
2334
2335
2336
2337
2338
2339
2340
2341
2342
2343
2264
2344
2345
2346
2347
2267
2347
2348
2272
2349
2350
2351
2350
2352
2274
2352
2353
2276
2354
2355
2356
2357
2282
2358
2355
2359
2280
2360
2361
2362
2363
2284
2364
2365
2366
2367
2368
2369
2370
2371
2372
2373
2374
2375
2376
2377
2298
2378
2379
2380
2381
2382
2383
2384
2385
2386
2387
2388
2389
2390
2391
2392
2392
2393
2393
2394
2394
2395
2395
2396
2396
2397
2397
2398
2398
2399
2320
2399
2400
2401
2402
2402
2403
2329
2404
2404
2405
2326
2406
2407
2401
2407
2408
2409
2410
2411
2348
2412
2410
2413
2413
2414
2392
2415
2415
2416
2416
2417
2417
2418
2418
2419
2419
2420
2420
2421
2343
2421
2344
2422
2423
2424
2346
2425
2426
2427
2428
2351
2429
2430
2431
2432
2354
2433
2434
2435
2358
2436
2436
2437
2438
2360
2439
2440
2441
2442
2442
2443
2444
2445
2445
2446
2446
2447
2447
2448
2448
2449
2450
2451
2451
2452
2453
2454
2443
2454
2453
2455
2455
2456
2456
2457
2457
2458
2458
2459
2459
2460
2452
2461
2461
2462
2462
2463
2463
2464
2464
2465
2465
2466
2467
2468
2460
2469
2467
2470
2470
2471
2471
2472
2466
2473
2473
2474
2472
2475
2476
2477
2478
2479
2480
2481
2482
2483
2484
2485
2486
2483
2487
2488
2406
2489
2490
2491
2492
2493
2493
2494
2495
2412
2496
2497
2498
2475
2499
2476
2500
2501
2502
2503
2504
2505
2506
2507
2508
2509
2507
2510
2510
2511
2511
2512
2428
2512
2513
2433
2514
2431
2515
2516
2435
2515
2517
2437
2518
2519
2520
2521
2444
2522
2523
2524
2441
2523
2525
2526
2527
2528
2529
2530
2531
2532
2450
2533
2534
2535
2536
2537
2538
2539
2540
2541
2542
2543
2544
2545
2546
2547
2548
2549
2550
2551
2469
2552
2553
2554
2555
2556
2557
2492
2558
2559
2560
2560
2561
2561
2562
2562
2563
2563
2564
2564
2565
2484
2565
2566
2567
2568
2569
2570
2571
2570
2572
2494
2573
2573
2574
2574
2575
2568
2575
2576
2577
2578
2496
2579
2580
2513
2581
2579
2582
2582
2583
2560
2584
2584
2585
2585
2586
2586
2587
2587
2588
2509
2588
2508
2589
2590
2591
2592
2593
2594
2595
2596
2516
2597
2598
2599
2518
2600
2601
2524
2602
2522
2603
2603
2604
2605
2606
2607
2608
2609
2608
2610
2610
2611
2529
2612
2613
2613
2614
2614
2615
2615
2616
2616
2617
2617
2618
2618
2619
2619
2620
2621
2622
2611
2621
2622
2623
2623
2624
2624
2625
2625
2626
2626
2627
2627
2628
2629
2630
2630
2631
2631
2632
2632
2633
2633
2634
2634
2635
2636
2637
2636
2638
2628
2638
2637
2639
2639
2640
2640
2641
2635
2642
2642
2643
2583
2641
2644
2645
2646
2647
2648
2572
2649
2649
2650
2651
2571
2652
2653
2654
2655
2656
2657
2658
2643
2659
2659
2660
2660
2661
2662
2663
2664
2663
2665
2666
2667
2644
2668
2669
2670
2671
2672
2673
2593
2674
2673
2675
2675
2676
2677
2678
2679
2679
2680
2665
2680
2600
2681
2599
2602
2682
2683
2604
2684
2685
2686
2687
2612
2688
2609
2689
2689
2690
2691
2692
2693
2694
2695
2696
2697
2698
2699
2700
2701
2702
2629
2703
2704
2705
2706
2707
2708
2709
2710
2711
2712
2713
2714
2715
2716
2717
2718
2719
2720
2721
2722
2723
2724
2725
2726
2727
2727
2728
2728
2729
2729
2730
2650
2730
2731
2732
2733
2734
2733
2735
2736
2737
2735
2737
2738
2739
2661
2740
2740
2741
2734
2741
2742
2743
2744
2745
2746
2747
2748
2749
2750
2745
2751
2752
2753
2727
2754
2754
2755
2755
2756
2676
2756
2674
2757
2758
2759
2760
2761
2678
2762
2763
2764
2765
2682
2766
2767
2684
2768
2769
2690
2767
2688
2770
2770
2771
2772
2773
2774
2775
2776
2776
2777
2775
2778
2778
2779
2780
2781
2780
2782
2783
2784
2784
2785
2785
2786
2786
2787
2787
2788
2788
2789
2789
2790
2791
2792
2792
2793
2794
2795
2795
2796
2796
2797
2797
2798
2798
2799
2799
2800
2790
2801
2801
2802
2802
2803
2803
2804
2804
2805
2805
2806
2806
2807
2808
2809
2808
2810
2809
2811
2810
2812
2812
2813
2752
2813
2807
2814
2814
2815
2816
2817
2818
2739
2819
2819
2820
2821
2822
2823
2738
2824
2825
2826
2827
2828
2829
2830
2831
2831
2832
2832
2833
2834
2748
2835
2749
2836
2837
2838
2836
2839
2753
2840
2841
2842
2816
2843
2844
2845
2846
2846
2847
2762
2848
2847
2849
2849
2850
2851
2852
2853
2765
2853
2854
2768
2855
2856
2857
2771
2858
2859
2860
2781
2861
2777
2862
2863
2864
2865
2866
2867
2868
2791
2869
2870
2871
2783
2872
2873
2874
2875
2876
2877
2878
2879
2880
2881
2882
2794
2883
2884
2885
2886
2887
2888
2889
2811
2890
2891
2892
2893
2894
2895
2896
2897
2898
2899
2900
2901
2902
2903
2904
2830
2905
2906
2906
2907
2820
2907
2908
2909
2822
2910
2911
2912
2913
2825
2914
2913
2915
2916
2916
2917
2918
2919
2919
2920
2921
2922
2923
2918
2924
2925
2926
2926
2927
2928
2927
2929
2929
2930
2854
2931
2925
2932
2933
2934
2933
2935
2906
2936
2850
2936
2848
2937
2938
2939
2940
2941
2942
2852
2943
2944
2945
2946
2856
2947
2864
2858
2948
2949
2861
2950
2951
2952
2953
2863
2954
2955
2956
2957
2958
2957
2959
2954
2960
2869
2958
2961
2872
2962
2962
2963
2964
2965
2966
2966
2967
2967
2968
2968
2969
2969
2970
2970
2971
2971
2972
2972
2973
2974
2975
2975
2976
2976
2977
2977
2978
2978
2979
2979
2980
2980
2981
2981
2982
2982
2983
2983
2984
2985
2986
2986
2987
2987
2988
2988
2989
2989
2990
2990
2991
2991
2992
2993
2994
2993
2995
2994
2996
2995
2997
2996
2998
2934
2998
2999
3000
3000
3001
3002
2917
3003
3003
3004
2912
3005
2920
3006
3007
3008
2915
3009
3010
3011
3012
3013
3014
3015
3001
3016
3016
3017
3017
3018
3019
3020
3021
3022
3023
3024
3025
3026
3025
3027
3024
3028
2935
3029
3030
3031
3032
3002
3033
3034
3034
3035
3035
3036
3033
3037
3036
3038
3038
3039
3037
3040
3040
3041
2946
3042
3043
2948
3044
3045
2951
3046
2952
3047
3048
3049
2963
3047
3050
2956
3051
3044
3052
3053
2960
3054
3055
2974
3056
3057
3058
2965
3059
3060
3061
3062
3063
3064
3065
3066
3067
2985
3068
3069
3070
3071
3072
3073
3074
3075
3076
3077
3078
2997
3079
3080
3081
3082
3083
3084
3085
3086
2999
3087
3088
3089
3090
3091
3092
3093
3094
3095
3096
3004
3097
3098
3006
3099
3100
3101
3102
3009
3102
3103
3104
3105
3105
3106
3106
3107
3020
3108
3108
3109
3109
3110
3111
3112
3019
3113
3114
3115
3116
3117
3116
3118
3118
3119
3120
3121
3119
3122
3122
3123
3043
3124
3117
3125
3126
3127
3126
3128
3125
3127
3129
3130
3131
3132
3133
3134
3098
3135
3136
3042
3137
3138
3139
3140
3046
3141
3142
3143
3144
3145
3145
3146
3147
3148
3148
3149
3150
3151
3056
3151
3150
3152
3147
3152
3153
3059
3154
3154
3155
3156
3157
3158
3062
3159
3160
3160
3161
3161
3162
3163
3164
3165
3166
3167
3168
3168
3169
3170
3171
3071
3172
3173
3173
3174
3174
3175
3176
3177
3177
3178
3179
3180
3181
3182
3182
3183
3183
3184
3169
3185
3185
3186
3187
3188
3189
3190
3189
3191
3192
3193
3194
3195
3195
3196
3197
3198
3199
3200
3201
3202
3200
3203
3184
3201
3204
3205
3095
3206
3207
3207
3208
3107
3209
3209
3101
3210
3110
3211
3212
3213
3104
3214
3215
3216
3217
3218
3219
3220
3221
3208
3222
3222
3223
3223
3224
3224
3225
3225
3226
3227
3228
3229
3230
3231
3232
3232
3233
3234
3233
3235
3231
3236
3237
3238
3239
3205
3240
3241
3242
3242
3243
3243
3244
3244
3245
3241
3246
3135
3245
3247
3246
3248
3248
3249
3139
3250
3251
3141
3252
3253
3144
3254
3146
3255
3256
3257
3258
3259
3260
3252
3261
3262
3263
3264
3171
3265
3266
3255
3267
3157
3268
3269
3159
3270
3271
3272
3273
3274
3275
3274
3276
3165
3277
3278
3167
3279
3280
3281
3282
3172
3283
3284
3285
3286
3287
3176
3288
3289
3290
3291
3292
3291
3293
3181
3294
3295
3296
3297
3298
3299
3187
3300
3301
3302
3303
3304
3303
3305
3306
3307
3306
3308
3194
3309
3310
3311
3312
3313
3202
3314
3199
3315
3316
3317
3318
3319
3320
3321
3321
3322
3323
3312
3324
3325
3326
3247
3211
3327
3328
3329
3330
3214
3329
3331
3332
3333
3333
3334
3334
3335
3335
3336
3337
3338
3338
3339
3339
3340
3341
3342
3343
3344
3337
3345
3346
3347
3346
3348
3347
3349
3349
3350
3351
3352
3353
3350
3354
3354
3355
3251
3356
3357
3358
3359
3360
3360
3361
3359
3362
3363
3364
3365
3366
3367
3368
3336
3369
3250
3370
3371
3372
3373
3254
3374
3375
3376
3377
3378
3378
3379
3379
3380
3381
3382
3261
3381
3383
3384
3385
3265
3384
3382
3385
3386
3267
3268
3387
3388
3389
3390
3390
3391
3392
3393
3393
3394
3395
3396
3397
3396
3398
3399
3400
3400
3401
3401
3402
3402
3403
3403
3404
3404
3405
3406
3407
3408
3409
3408
3410
3411
3412
3412
3413
3414
3415
3415
3416
3416
3417
3417
3418
3419
3418
3420
3421
3422
3422
3423
3423
3424
3424
3425
3425
3426
3427
3428
3429
3430
3430
3431
3431
3432
3432
3433
3434
3435
3436
3435
3437
3438
3436
3439
3440
3441
3441
3442
3442
3443
3313
3443
3444
3445
3446
3447
3447
3448
3448
3449
3449
3450
3451
3452
3446
3452
3450
3453
3454
3455
3456
3362
3456
3457
3458
3457
3459
3460
3461
3330
3462
3340
3463
3464
3465
3332
3466
3467
3468
3469
3470
3367
3471
3472
3473
3474
3461
3475
3475
3476
3476
3477
3477
3478
3478
3479
3480
3481
3358
3482
3483
3484
3485
3486
3485
3487
3355
3487
3488
3489
3486
3490
3361
3491
3492
3493
3494
3495
3496
3497
3498
3498
3499
3499
3500
3500
3501
3501
3369
3502
3503
3504
3505
3372
3504
3506
3374
3507
3508
3377
3509
3380
3510
3511
3512
3513
3514
3515
3516
3507
3517
3518
3519
3410
3520
3510
3521
3389
3521
3522
3523
3392
3524
3525
3526
3395
3527
3528
3529
3398
3399
3530
3531
3532
3533
3534
3535
3536
3406
3537
3538
3429
3539
3540
3411
3541
3542
3543
3544
3414
3545
3546
3547
3548
3549
3550
3420
3421
3551
3552
3553
3554
3555
3556
3428
3557
3451
3558
3559
3560
3561
3562
3563
3434
3564
3437
3565
3566
3567
3439
3440
3568
3569
3570
3571
3572
3573
3574
3574
3575
3576
3577
3578
3579
3580
3581
3582
3454
3583
3455
3584
3585
3586
3573
3587
3460
3588
3589
3590
3463
3591
3592
3466
3593
3593
3594
3595
3596
3597
3597
3598
3598
3599
3501
3599
3479
3600
3600
3601
3601
3602
3602
3603
3604
3605
3606
3607
3608
3609
3610
3610
3611
3609
3612
3611
3613
3613
3614
3615
3616
3617
3614
3618
3618
3619
3506
3620
3621
3622
3612
3621
3623
3624
3624
3625
3622
3625
3623
3626
3502
3627
3628
3629
3630
3631
3505
3632
3633
3634
3635
3636
3509
3637
3638
3639
3512
3640
3641
3641
3642
3642
3643
3517
3644
3644
3645
3646
3520
3647
3645
3647
3648
3649
3650
3651
3650
3652
3652
3653
3526
3654
3655
3655
3656
3656
3657
3657
3658
3658
3659
3659
3660
3660
3661
3661
3662
3662
3663
3663
3664
3664
3665
3665
3666
3666
3667
3667
3668
3669
3670
3670
3671
3669
3672
3544
3673
3674
3674
3675
3675
3676
3676
3677
3677
3678
3678
3679
3679
3680
3680
3681
3681
3682
3682
3683
3683
3684
3684
3685
3685
3686
3686
3687
3688
3689
3687
3688
3668
3690
3690
3691
3691
3692
3692
3693
3693
3694
3695
3696
3695
3697
3694
3696
3697
3698
3698
3699
3699
3700
3700
3701
3575
3701
3702
3703
3704
3705
3706
3706
3707
3707
3708
3708
3709
3709
3710
3689
3711
3705
3711
3710
3712
3712
3713
3626
3713
3587
3714
3715
3714
3716
3716
3717
3717
3718
3594
3719
3603
3720
3721
3722
3596
3723
3724
3725
3726
3630
3727
3728
3729
3730
3718
3731
3731
3732
3732
3733
3733
3734
3734
3735
3736
3737
3738
3739
3740
3741
3742
3743
3743
3744
3619
3742
3745
3746
3744
3747
3748
3749
3750
3751
3752
3753
3754
3755
3755
3756
3756
3757
3757
3632
3758
3759
3635
3760
3760
3761
3762
3637
3763
3764
3640
3765
3643
3766
3767
3768
3769
3770
3771
3772
3763
3773
3774
3775
3776
3766
3777
3778
3777
3779
3780
3654
3781
3782
3783
3784
3785
3786
3787
3788
3789
3790
3791
3792
3793
3794
3795
3796
3797
3798
3673
3799
3776
3800
3801
3802
3803
3804
3805
3806
3807
3808
3809
3810
3811
3812
3813
3814
3815
3816
3817
3818
3819
3820
3821
3822
3823
3824
3825
3826
3827
3828
3829
3830
3831
3830
3832
3832
3833
3834
3835
3836
3837
3838
3839
3840
3841
3842
3843
3831
3844
3845
3846
3847
3720
3848
3849
3723
3850
3850
3851
3852
3853
3854
3854
3855
3757
3855
3735
3856
3856
3857
3857
3858
3858
3859
3860
3861
3862
3863
3864
3865
3866
3866
3867
3867
3868
3865
3869
3868
3870
3870
3871
3872
3873
3874
3871
3875
3875
3876
3762
3877
3869
3878
3878
3879
3880
3881
3881
3882
3879
3882
3880
3883
3758
3884
3885
3886
3887
3761
3888
3889
3890
3891
3892
3765
3893
3894
3895
3894
3896
3896
3897
3897
3898
3898
3899
3773
3900
3900
3901
3902
3775
3901
3903
3904
3905
3779
3906
3907
3906
3908
3908
3909
3783
3910
3911
3911
3912
3912
3913
3913
3914
3914
3915
3915
3916
3916
3917
3917
3918
3918
3919
3919
3920
3920
3921
3921
3922
3922
3923
3923
3924
3800
3925
3925
3926
3926
3927
3928
3802
3929
3930
3930
3931
3931
3932
3932
3933
3933
3934
3934
3935
3935
3936
3936
3937
3937
3938
3938
3939
3939
3940
3940
3941
3941
3942
3942
3943
3943
3944
3944
3945
3924
3946
3946
3947
3947
3948
3948
3949
3949
3950
3951
3952
3950
3951
3952
3953
3953
3954
3954
3955
3955
3956
3833
3956
3957
3958
3959
3960
3961
3962
3962
3963
3963
3964
3964
3965
3965
3966
3966
3967
3945
3961
3967
3968
3883
3968
3844
3969
3970
3969
3971
3971
3972
3972
3973
3851
3974
3859
3975
3976
3977
3853
3978
3979
3980
3886
3981
3982
3983
3984
3973
3985
3985
3986
3986
3987
3987
3988
3988
3989
3990
3991
3992
3993
3994
3995
3996
3876
3997
3997
3998
3998
3999
4000
4001
3999
4002
4003
4004
4005
4006
4007
4008
4009
4010
4009
4011
4011
3888
4012
4013
3891
4014
4014
4015
4016
3893
4017
4018
4019
4020
4021
4022
4023
4024
4020
4025
4026
4027
4017
4028
4029
4030
4029
4031
4021
4032
4033
4032
4034
4035
3910
4036
4037
4038
4039
4040
4041
4042
4043
4044
4045
4046
4047
4048
4049
4050
4051
4052
4053
3929
4054
4031
4055
4056
4057
4058
4059
4060
4061
4062
4063
4064
4065
4066
4067
4068
4069
4070
4071
4072
4073
4074
4075
4076
4077
4078
4079
4080
4081
4082
4083
4084
4085
4084
4086
4085
4087
4087
4088
4089
4090
4091
4092
4093
4094
4095
4096
4097
4086
4098
4099
4100
4101
3975
4102
4103
3978
4104
4104
4105
4106
4107
4108
4011
4108
3989
4109
4109
4110
4110
4111
4111
4112
4113
4114
4115
4116
4117
4118
4119
4118
4120
4120
4121
4121
4122
4119
4123
4122
4124
4124
4125
4126
4127
4128
4129
4130
4131
4132
4016
4133
4123
4134
4134
4135
4136
4137
4136
4138
4135
4138
4137
4139
4140
4012
4141
4142
4015
4143
4144
4145
4146
4147
4147
4148
4148
4149
4150
4151
4023
4152
4153
4153
4154
4154
4155
4156
4157
4156
4158
4157
4159
4160
4158
4161
4162
4163
4164
4165
4165
4166
4167
4168
4169
4170
4038
4171
4172
4172
4173
4173
4174
4174
4175
4175
4176
4176
4177
4177
4178
4178
4179
4179
4180
4180
4181
4181
4182
4182
4183
4183
4184
4184
4185
4186
4187
4188
4189
4189
4190
4186
4191
4057
4192
4193
4193
4194
4194
4195
4195
4196
4196
4197
4197
4198
4198
4199
4199
4200
4200
4201
4201
4202
4202
4203
4203
4204
4204
4205
4205
4206
4206
4207
4207
4208
4185
4209
4209
4210
4210
4211
4211
4212
4212
4213
4213
4214
4214
4215
4215
4216
4216
4217
4217
4218
4088
4218
4219
4220
4221
4222
4223
4208
4224
4224
4225
4225
4226
4226
4227
4227
4228
4228
4229
4229
4230
4139
4230
4098
4231
4232
4231
4233
4233
4234
4234
4235
4105
4236
4112
4237
4238
4239
4107
4240
4241
4140
4242
4243
4244
4245
4235
4246
4246
4247
4247
4248
4249
4250
4250
4251
4252
4253
4254
4255
4256
4257
4258
4259
4260
4131
4261
4261
4262
4262
4263
4132
4264
4260
4265
4266
4267
4263
4268
4269
4270
4271
4272
4273
4274
4275
4275
4276
4143
4277
4278
4146
4279
4279
4280
4281
4282
4283
4152
4284
4151
4285
4286
4287
4288
4289
4285
4290
4291
4292
4293
4282
4294
4161
4295
4296
4295
4297
4286
4298
4168
4299
4300
4298
4301
4302
4303
4304
4305
4306
4303
4307
4306
4308
4309
4310
4311
4312
4313
4314
4315
4316
4317
4318
4319
4320
4321
4322
4323
4324
4325
4325
4326
4327
4328
4329
4297
4330
4331
4332
4333
4334
4335
4336
4337
4338
4339
4340
4341
4342
4343
4344
4345
4346
4347
4348
4349
4350
4351
4352
4353
4354
4355
4356
4357
4358
4359
4360
4361
4362
4363
4364
4365
4366
4366
4367
4368
4369
4370
4371
4372
4373
4374
4375
4376
4377
4378
4379
4380
4237
4381
4382
4240
4383
4381
4384
4385
4275
4386
4251
4387
4387
4388
4388
4389
4389
4390
4391
4392
4393
4394
4394
4395
4396
4397
4398
4399
4400
4401
4402
4403
4404
4405
4406
4407
4408
4409
4410
4411
4410
4412
4413
4414
4415
4416
4417
4418
4418
4419
4420
4421
4417
4420
4281
4422
4423
4424
4425
4426
4427
4428
4428
4429
4430
4431
4432
4433
4277
4434
4435
4280
4436
4437
4438
4439
4440
4284
4440
4441
4442
4443
4288
4444
4445
4445
4446
4446
4447
4292
4448
4449
4448
4450
4449
4451
4452
4450
4453
4454
4455
4456
4457
4301
4456
4458
4459
4460
4461
4457
4460
4462
4463
4464
4462
4465
4466
4467
4468
4469
4469
4470
4471
4472
4471
4473
4474
4475
4476
4477
4476
4478
4479
4480
4479
4481
4482
4483
4482
4484
4485
4486
4487
4488
4487
4489
4330
4490
4490
4491
4492
4493
4494
4494
4495
4495
4496
4331
4497
4498
4499
4500
4501
4501
4502
4503
4504
4505
4506
4505
4507
4508
4509
4510
4511
4510
4512
4513
4514
4513
4515
4516
4517
4516
4518
4519
4520
4519
4521
4522
4523
4524
4525
4526
4527
4528
4529
4530
4531
4532
4533
4534
4535
4536
4537
4538
4539
4538
4540
4541
4542
4543
4544
4543
4545
4364
4546
4361
4547
4548
4549
4550
4376
4551
4552
4550
4553
4554
4555
4556
4557
4558
4559
4560
4561
4562
4563
4564
4563
4565
4566
4567
4433
4568
4569
4570
4571
4572
4573
4574
4575
4576
4577
4578
4579
4580
4390
4581
4384
4582
4583
4386
4584
4434
4585
4586
4587
4588
4589
4590
4591
4592
4592
4593
4594
4595
4596
4595
4597
4597
4598
4403
4599
4400
4600
4601
4602
4603
4405
4604
4605
4407
4606
4607
4411
4608
4609
4602
4610
4423
4611
4612
4613
4413
4614
4419
4421
4615
4615
4616
4616
4617
4618
4619
4620
4621
4622
4617
4623
4624
4425
4625
4626
4430
4627
4628
4629
4630
4631
4632
4633
4629
4634
4632
4635
4636
4637
4436
4638
4639
4640
4641
4640
4642
4623
4641
4643
4444
4644
4443
4645
4646
4647
4648
4649
4645
4650
4651
4652
4653
4643
4654
4453
4655
4656
4655
4657
4646
4658
4659
4660
4658
4661
4461
4662
4663
4465
4664
4464
4665
4666
4667
4666
4668
4468
4669
4670
4671
4672
4673
4674
4672
4675
4475
4676
4677
4678
4679
4680
4678
4681
4682
4683
4684
4683
4685
4686
4687
4688
4687
4689
4690
4691
4691
4692
4693
4694
4695
4694
4696
4529
4697
4698
4492
4699
4493
4700
4701
4702
4497
4703
4704
4657
4705
4704
4706
4706
4707
4708
4504
4709
4710
4711
4712
4713
4710
4714
4509
4715
4716
4717
4718
4719
4717
4720
4721
4722
4723
4722
4724
4725
4726
4727
4726
4728
4729
4730
4731
4730
4732
4733
4734
4525
4735
4734
4736
4737
4738
4739
4558
4740
4738
4741
4742
4743
4744
4533
4745
4743
4746
4535
4747
4748
4537
4749
4750
4539
4751
4752
4753
4754
4542
4755
4756
4757
4758
4759
4757
4760
4556
4761
4762
4763
4763
4764
4764
4765
4765
4766
4767
4768
4769
4762
4769
4770
4771
4771
4772
4772
4773
4774
4560
4775
4776
4562
4777
4778
4564
4779
4780
4781
4782
4567
4783
4784
4785
4786
4785
4787
4575
4788
4573
4789
4768
4790
4790
4791
4792
4577
4793
4794
4579
4795
4796
4797
4798
4799
4581
4800
4801
4584
4802
4800
4803
4804
4598
4805
4805
4806
4806
4807
4807
4808
4591
4809
4798
4810
4811
4812
4594
4813
4596
4814
4815
4816
4817
4818
4819
4819
4820
4820
4821
4822
4821
4823
4824
4825
4818
4825
4826
4827
4824
4827
4828
4829
4826
4829
4830
4831
4831
4832
4833
4834
4828
4834
4833
4835
4836
4837
4838
4839
4840
4840
4841
4835
4841
4839
4842
4842
4843
4844
4832
4845
4845
4846
4846
4847
4847
4848
4849
4850
4851
4850
4852
4852
4853
4854
4848
4855
4855
4856
4857
4858
4858
4859
4638
4804
4860
4642
4861
4862
4863
4864
4644
4865
4866
4867
4648
4868
4869
4869
4870
4870
4871
4652
4872
4873
4872
4874
4873
4875
4876
4874
4877
4878
4879
4661
4880
4880
4881
4882
4883
4884
4881
4884
4885
4886
4885
4887
4888
4883
4886
4669
4889
4890
4890
4891
4891
4892
4893
4892
4894
4895
4896
4895
4897
4896
4898
4899
4900
4901
4898
4899
4902
4903
4902
4904
4903
4905
4906
4907
4908
4907
4909
4908
4910
4911
4912
4913
4912
4914
4913
4915
4916
4917
4918
4917
4919
4920
4921
4922
4922
4923
4921
4924
4705
4925
4925
4926
4926
4927
4927
4928
4928
4929
4929
4930
4931
4932
4933
4708
4934
4935
4935
4936
4937
4938
4939
4936
4938
4940
4941
4940
4942
4941
4943
4944
4945
4946
4943
4944
4947
4948
4947
4949
4948
4950
4951
4952
4953
4952
4954
4953
4955
4956
4957
4958
4957
4959
4958
4960
4961
4962
4963
4963
4964
4962
4965
4966
4967
4968
4968
4969
4970
4971
4972
4967
4971
4973
4974
4974
4975
4976
4977
4978
4924
4977
4979
4980
4980
4981
4982
4983
4979
4983
4984
4985
4982
4985
4986
4987
4984
4987
4988
4989
4986
4989
4988
4990
4991
4992
4993
4990
4992
4994
4995
4994
4996
4995
4997
4998
4999
5000
5001
4767
5002
4770
5003
5004
5005
5006
5007
4774
5008
4997
5009
5010
4973
5010
5011
5012
5009
5012
5013
5014
5011
5014
5015
5016
5013
5016
5015
5017
5018
5019
5020
5017
5019
4859
5021
5022
5023
5023
5024
5025
4792
5026
5024
5027
5028
5022
5028
5029
5030
5027
5030
5031
5032
5033
5029
5031
5034
4808
5035
4803
5036
5037
5038
5039
5040
5041
5042
5043
5044
5044
5045
5043
5046
5046
5047
5047
5048
5049
5050
5048
5050
5049
5051
5051
5052
5053
5054
5055
5056
4823
4830
5057
5058
5059
5060
5061
5062
5063
5064
5065
5066
5067
5068
5069
4843
5070
5070
5071
5071
5072
5073
5074
5075
5076
5077
5072
5078
5079
5080
5081
5082
4851
5083
5084
4856
5085
4854
5086
4857
5087
5088
5089
5090
5091
4861
5092
5093
5094
5095
5078
5095
5094
5096
4868
4875
4867
5097
5098
5099
5100
5101
5097
5102
5103
5104
5105
5106
4877
5107
5108
5107
5109
5098
5110
5111
5112
5110
5113
5114
5115
5116
5117
4888
5118
5119
5119
5120
5121
5122
5123
4894
4897
5124
5125
5126
5127
5128
5129
4901
5130
4904
5131
5132
5133
4906
5134
4909
5135
5136
5137
4911
5138
4914
5139
5140
5141
4916
5142
4918
5143
5144
4920
5145
4923
5146
5147
5148
5149
5150
5151
5152
5153
5154
4931
5155
5156
5109
5157
5156
5158
5158
5159
5160
5161
4939
4942
5162
5163
5164
5165
5166
5167
5168
4946
5169
4949
5170
5171
5172
4951
5173
4954
5174
5175
5176
4956
5177
4959
5178
5179
5180
4961
5181
4964
5182
5183
5184
4966
5185
4969
5186
5187
5188
4972
5189
5190
4975
5191
5192
5193
4978
5194
5195
4981
5196
5197
5198
5199
5200
5201
5202
5203
5204
5205
5206
5207
4993
5208
5209
4996
5210
5211
5212
5213
5214
5215
5215
5216
5216
5217
5217
5218
5218
5219
5220
5221
5214
5220
5219
5222
5222
5223
5223
5224
5224
5225
5226
5227
5228
5229
5230
5231
5232
5233
5234
5020
5235
5236
5021
5237
5238
5239
5240
5221
5241
5241
5242
5243
5244
5245
5246
5247
5033
5248
5045
5249
5250
5249
5251
5038
5252
5250
5253
5092
5052
5254
5254
5255
5255
5256
5251
5256
5257
5258
5259
5260
5261
5262
5263
5264
5265
5266
5267
5268
5268
5269
5269
5270
5270
5271
5271
5272
5273
5274
5267
5274
5275
5276
5273
5276
5277
5278
5275
5278
5272
5279
5279
5280
5280
5281
5282
5283
5277
5283
5282
5284
5285
5286
5287
5288
5289
5289
5290
5284
5290
5288
5291
5291
5292
5293
5281
5294
5294
5295
5295
5296
5296
5297
5298
5299
5299
5300
5300
5301
5301
5302
5297
5303
5298
5303
5302
5304
5304
5305
5305
5306
5307
5096
5308
5309
5310
5311
5312
5313
5100
5314
5314
5315
5315
5316
5104
5317
5318
5317
5319
5318
5320
5319
5321
5322
5323
5113
5324
5324
5325
5326
5327
5328
5325
5327
5329
5330
5328
5329
5330
5331
5332
5121
5333
5334
5334
5335
5335
5336
5336
5337
5338
5339
5338
5340
5337
5339
5340
5341
5341
5342
5342
5343
5344
5345
5344
5346
5343
5345
5346
5347
5348
5349
5348
5350
5347
5349
5350
5351
5352
5353
5352
5354
5351
5353
5354
5355
5356
5357
5355
5356
5357
5358
5359
5360
5360
5361
5358
5361
5359
5362
5157
5363
5363
5364
5364
5365
5365
5366
5366
5367
5367
5368
5369
5370
5371
5160
5372
5373
5373
5374
5374
5375
5375
5376
5377
5378
5377
5379
5376
5378
5379
5380
5380
5381
5381
5382
5383
5384
5383
5385
5382
5384
5385
5386
5387
5388
5387
5389
5386
5388
5389
5390
5391
5392
5391
5393
5390
5392
5393
5394
5395
5396
5396
5397
5394
5397
5395
5398
5399
5400
5400
5401
5398
5401
5402
5403
5399
5403
5404
5405
5405
5406
5402
5406
5407
5408
5362
5408
5409
5410
5410
5411
5407
5411
5412
5413
5409
5413
5414
5415
5412
5415
5416
5417
5414
5417
5418
5419
5416
5419
5418
5420
5421
5422
5420
5422
5423
5424
5424
5425
5421
5423
5225
5425
5426
5427
5428
5429
5430
5431
5432
5433
5434
5435
5436
5437
5438
5439
5404
5439
5440
5441
5438
5441
5442
5443
5440
5443
5444
5445
5442
5445
5444
5446
5447
5448
5446
5448
5306
5447
5449
5450
5450
5451
5242
5451
5452
5453
5454
5455
5449
5455
5456
5457
5454
5457
5456
5458
5458
5459
5460
5461
5462
5253
5307
5463
5464
5465
5466
5467
5468
5468
5469
5459
5469
5467
5470
5470
5471
5471
5472
5473
5474
5472
5474
5473
5475
5475
5476
5477
5478
5479
5480
5481
5482
5483
5484
5485
5486
5487
5488
5489
5490
5491
5492
5493
5494
5292
5495
5495
5496
5496
5497
5498
5499
5500
5501
5502
5497
5503
5504
5505
5506
5507
5508
5509
5510
5511
5512
5513
5514
5515
5516
5308
5517
5518
5519
5503
5519
5518
5520
5313
5521
5522
5521
5523
5524
5525
5321
5526
5527
5526
5528
5522
5529
5530
5531
5529
5532
5533
5534
5535
5536
5332
5537
5538
5538
5539
5540
5541
5542
5543
5544
5545
5546
5547
5548
5549
5550
5551
5552
5553
5554
5555
5556
5557
5558
5559
5560
5561
5562
5563
5564
5565
5566
5567
5568
5569
5570
5571
5572
5573
5369
5574
5575
5528
5576
5575
5577
5577
5578
5579
5580
5581
5582
5583
5584
5585
5586
5587
5588
5589
5590
5591
5592
5593
5594
5595
5596
5597
5598
5599
5600
5601
5602
5603
5604
5605
5606
5607
5608
5609
5610
5611
5612
5613
5614
5615
5616
5617
5618
5619
5620
5621
5622
5623
5624
5625
5626
5627
5628
5629
5630
5631
5632
5633
5633
5634
5634
5635
5635
5636
5636
5637
5637
5638
5632
5639
5639
5640
5638
5641
5641
5642
5642
5643
5643
5644
5645
5646
5647
5648
5649
5650
5651
5652
5653
5654
5655
5656
5657
5658
5640
5659
5659
5660
5661
5662
5663
5664
5665
5666
5667
5668
5668
5669
5667
5670
5669
5671
5476
5672
5672
5673
5670
5673
5674
5675
5676
5677
5678
5679
5680
5681
5682
5683
5684
5685
5685
5686
5686
5687
5687
5688
5688
5689
5689
5690
5691
5692
5684
5692
5693
5694
5691
5694
5695
5696
5693
5696
5690
5697
5697
5698
5698
5699
5700
5701
5695
5701
5700
5702
5703
5704
5705
5706
5707
5707
5708
5702
5708
5706
5709
5709
5710
5711
5699
5712
5712
5713
5713
5714
5714
5715
5716
5717
5717
5718
5718
5719
5719
5720
5720
5721
5715
5716
5721
5722
5722
5723
5723
5724
5520
5671
5725
5726
5727
5728
5729
5524
5730
5730
5731
5732
5731
5733
5734
5735
5532
5736
5736
5737
5738
5737
5739
5739
5740
5740
5741
5741
5742
5742
5743
5744
5540
5745
5746
5746
5747
5747
5748
5748
5749
5750
5751
5749
5750
5751
5752
5752
5753
5753
5754
5754
5755
5756
5757
5755
5756
5757
5758
5758
5759
5760
5761
5759
5760
5761
5762
5762
5763
5764
5765
5763
5764
5765
5766
5766
5767
5767
5768
5768
5769
5769
5770
5771
5772
5772
5773
5770
5773
5771
5774
5576
5775
5775
5776
5776
5777
5777
5778
5778
5779
5779
5780
5781
5782
5783
5579
5784
5785
5785
5786
5786
5787
5787
5788
5789
5790
5788
5790
5789
5791
5791
5792
5792
5793
5793
5794
5795
5796
5794
5796
5795
5797
5797
5798
5799
5800
5798
5800
5799
5801
5801
5802
5803
5804
5802
5804
5803
5805
5805
5806
5807
5808
5808
5809
5806
5809
5807
5810
5811
5812
5812
5813
5810
5813
5814
5815
5811
5815
5816
5817
5817
5818
5814
5818
5819
5820
5774
5820
5821
5822
5822
5823
5819
5823
5824
5825
5821
5825
5826
5827
5824
5827
5828
5829
5826
5829
5830
5831
5828
5831
5830
5832
5833
5834
5832
5834
5833
5835
5835
5836
5644
5836
5837
5838
5839
5840
5841
5842
5843
5844
5845
5846
5847
5848
5849
5850
5851
5816
5851
5852
5853
5850
5853
5854
5855
5852
5855
5856
5857
5854
5857
5856
5858
5724
5859
5858
5859
5860
5861
5861
5862
5660
5862
5863
5864
5865
5866
5860
5866
5867
5868
5865
5868
5867
5869
5869
5870
5871
5872
5873
5874
5875
5876
5877
5878
5879
5879
5880
5870
5880
5878
5881
5881
5882
5882
5883
5884
5885
5883
5884
5885
5886
5886
5887
5888
5889
5890
5891
5892
5893
5894
5895
5896
5897
5898
5899
5900
5901
5902
5903
5904
5905
5906
5710
5907
5907
5908
5908
5909
5910
5911
5912
5913
5914
5909
5915
5916
5917
5918
5919
5920
5921
5922
5923
5924
5925
5926
5927
5928
5929
5930
5915
5930
5875
5929
5729
5931
5733
5932
5932
5933
5931
5934
5935
5936
5934
5937
5938
5939
5940
5941
5744
5942
5943
5943
5944
5945
5946
5947
5948
5949
5950
5951
5952
5953
5954
5955
5956
5957
5958
5959
5960
5961
5962
5963
5964
5965
5966
5967
5968
5969
5970
5971
5972
5973
5974
5975
5976
5977
5978
5781
5979
5980
5933
5981
5980
5982
5982
5983
5984
5985
5986
5987
5988
5989
5990
5991
5992
5993
5994
5995
5996
5997
5998
5999
6000
6001
6002
6003
6004
6005
6006
6007
6008
6009
6010
6011
6012
6013
6014
6015
6016
6017
6018
6019
6020
6021
6022
6023
6024
6025
6026
6027
6028
6029
6030
6031
6032
6033
6034
6035
6036
6037
6037
6038
6038
6039
6039
6040
6040
6041
6041
6042
6042
6043
6036
6044
6044
6045
6043
6046
6046
6047
6047
6048
6048
6049
6050
6051
6052
6053
6054
6055
6056
6057
6058
6059
6060
6061
6062
6045
6063
6063
6064
6065
6066
6067
6068
6069
6070
6071
6072
6071
6073
6073
6074
6072
6075
6074
5887
6076
6075
6076
6077
6078
6079
6080
6081
6082
6083
6084
6085
6086
6087
6088
6088
6089
6089
6090
6090
6091
6091
6092
6092
6093
6093
6094
6095
6096
6087
6096
6097
6098
6095
6098
6099
6100
6097
6100
6094
6101
6101
6102
6102
6103
6104
6105
6099
6105
6104
6106
6107
6108
6109
6110
6111
6111
6112
6106
6112
6110
6113
6113
6114
6115
6103
6116
6116
6117
6117
6118
6118
6119
6119
6120
6120
6121
6121
6122
6122
6123
6123
6124
6124
6125
6125
6126
6126
6127
6127
6128
6129
6130
5937
6131
6131
6132
6132
6133
6133
6134
6134
6135
6135
6136
6136
6137
6138
5945
6139
6140
6140
6141
6141
6142
6142
6143
6143
6144
6144
6145
6145
6146
6146
6147
6147
6148
6148
6149
6149
6150
6150
6151
6151
6152
6152
6153
6153
6154
6154
6155
6155
6156
6156
6157
6157
6158
6158
6159
6159
6160
6160
6161
6161
6162
6162
6163
6163
6164
6165
6166
6165
6167
6164
6167
6166
6168
5981
6169
6169
6170
6170
6171
6171
6172
6172
6173
6173
6174
6175
6176
5984
6177
6178
6178
6179
6179
6180
6180
6181
6182
6183
6181
6183
6182
6184
6184
6185
6185
6186
6186
6187
6188
6189
6187
6189
6188
6190
6190
6191
6192
6193
6191
6193
6192
6194
6194
6195
6196
6197
6195
6197
6196
6198
6198
6199
6200
6201
6201
6202
6199
6202
6200
6203
6204
6205
6205
6206
6203
6206
6207
6208
6204
6208
6209
6210
6210
6211
6207
6211
6212
6213
6168
6212
6214
6215
6214
6216
6213
6216
6217
6218
6215
6217
6219
6220
6218
6219
6221
6222
6220
6221
6223
6224
6222
6223
6224
6225
6226
6227
6225
6227
6226
6228
6049
6228
6229
6230
6231
6232
6233
6234
6235
6236
6237
6238
6239
6240
6241
6242
6243
6244
6209
6244
6245
6246
6243
6246
6247
6248
6245
6248
6249
6250
6247
6250
6249
6251
6128
6251
6252
6253
6252
6254
6064
6254
6255
6256
6257
6258
6253
6257
6259
6260
6258
6259
6260
6261
6261
6262
6263
6264
6265
6266
6267
6268
6269
6270
6270
6271
6262
6271
6269
6272
6272
6273
6273
6274
6274
6275
6275
6276
6276
6277
6277
6278
6279
6280
6281
6282
6283
6284
6285
6286
6287
6288
6289
6290
6291
6292
6293
6294
6295
6296
6297
6298
6114
6299
6299
6300
6300
6301
6302
6303
6304
6305
6306
6301
6307
6308
6309
6310
6311
6312
6313
6314
6315
6316
6317
6318
6319
6320
6266
6321
6307
6321
6138
6322
6322
6323
6324
6325
6326
6327
6328
6329
6330
6331
6332
6333
6334
6335
6336
6337
6338
6339
6340
6341
6342
6343
6344
6345
6346
6347
6348
6349
6350
6351
6352
6175
6353
6353
6354
6354
6355
6356
6357
6358
6359
6360
6361
6362
6363
6364
6365
6366
6367
6368
6369
6370
6371
6372
6373
6374
6375
6376
6377
6378
6379
6380
6381
6382
6383
6384
6385
6386
6387
6388
6389
6390
6391
6392
6393
6394
6395
6396
6397
6398
6399
6400
6401
6402
6403
6404
6405
6406
6407
6408
6407
6409
6409
6410
6410
6411
6411
6412
6412
6413
6413
6414
6414
6415
6408
6416
6416
6417
6415
6418
6418
6419
6419
6420
6420
6421
6422
6423
6424
6425
6426
6427
6428
6429
6430
6431
6432
6433
6417
6434
6434
6435
6436
6437
6438
6439
6440
6441
6442
6443
6442
6444
6443
6445
6445
6444
6446
6278
6446
6447
6448
6449
6450
6451
6452
6453
6454
6455
6456
6457
6458
6458
6459
6459
6460
6460
6461
6461
6462
6462
6463
6463
6464
6464
6465
6466
6467
6457
6467
6468
6469
6466
6469
6470
6471
6468
6471
6465
6472
6472
6473
6473
6474
6475
6476
6470
6476
6475
6477
6478
6479
6480
6481
6482
6482
6483
6477
6483
6481
6484
6484
6485
6486
6474
6487
6487
6488
6488
6489
6489
6490
6490
6491
6491
6492
6492
6493
6493
6494
6494
6495
6495
6496
6496
6497
6497
6498
6498
6499
6500
6324
6501
6501
6502
6502
6503
6503
6504
6504
6505
6505
6506
6506
6507
6507
6508
6508
6509
6509
6510
6510
6511
6511
6512
6512
6513
6513
6514
6514
6515
6515
6516
6516
6517
6517
6518
6518
6519
6519
6520
6520
6521
6521
6522
6522
6523
6523
6524
6524
6525
6526
6527
6527
6528
6525
6526
6528
6529
6356
6530
6530
6531
6531
6532
6532
6533
6534
6535
6533
6535
6534
6536
6536
6537
6537
6538
6538
6539
6540
6541
6539
6541
6540
6542
6542
6543
6544
6545
6543
6545
6544
6546
6546
6547
6548
6549
6547
6549
6548
6550
6550
6551
6552
6553
6553
6554
6551
6554
6552
6555
6556
6557
6557
6558
6555
6558
6559
6560
6556
6560
6561
6562
6562
6563
6559
6563
6529
6564
6564
6565
6566
6567
6567
6568
6565
6566
6568
6569
6569
6570
6570
6571
6571
6572
6572
6573
6573
6574
6574
6575
6575
6576
6576
6577
6578
6579
6577
6578
6421
6579
6580
6581
6561
6581
6582
6583
6580
6583
6584
6585
6582
6585
6586
6587
6584
6587
6499
6586
6588
6589
6589
6590
6435
6588
6590
6591
6591
6592
6592
6593
6593
6594
6594
6595
6595
6596
6597
6598
6599
6500
6600
6601
6602
6601
6603
6596
6603
6602
6604
6604
6605
6605
6606
6606
6607
6607
6608
6608
6609
6609
6610
6485
6611
6611
6612
6612
6613
6613
6614
6615
6616
6617
6617
6618
6616
6619
6610
6619
6615
6618
-1
-1
-1
-1
-1
-1
-1
-1
-1
-1
-1
-1
-1
-1
-1
-1
-1
-1
-1
-1
-1
-1
-1
-1
-1
-1
-1
-1
-1
-1
-1
-1
-1
-1
-1
-1
-1
-1
-1
-1
-1
-1
-1
-1
-1
-1
-1
-1
-1
-1
-1
-1
-1
-1
-1
-1
-1
-1
-1
-1
-1
-1
-1
-1
-1
-1
-1
-1
-1
-1
-1
-1
-1
-1
-1
-1
-1
-1
-1
-1
-1
-1
-1
-1
-1
-1
-1
-1
-1
-1
-1
-1
-1
-1
-1
-1
-1
-1
-1
-1
-1
-1
-1
-1
-1
-1
-1
-1
-1
-1
-1
-1
-1
-1
-1
-1
-1
-1
-1
-1
-1
-1
-1
-1
-1
-1
-1
-1
-1
-1
-1
-1
-1
-1
-1
-1
-1
-1
-1
-1
-1
-1
-1
-1
-1
-1
-1
-1
-1
-1
-1
-1
-1
-1
-1
-1
-1
-1
-1
-1
-1
-1
-1
-1
-1
-1
-1
-1
-1
-1
-1
-1
-1
-1
-1
-1
-1
-1
-1
-1
-1
-1
-1
-1
-1
-1
-1
-1
-1
-1
-1
-1
-1
-1
-1
-1
-1
-1
-1
-1
-1
-1
-1
-1
-1
-1
-1
-1
-1
-1
-1
-1
-1
-1
-1
-1
-1
-1
-1
-1
-1
-1
-1
-1
-1
-1
-1
-1
-1
-1
-1
-1
-1
-1
-1
-1
-1
-1
-1
-1
-1
-1
-1
-1
-1
-1
-1
-1
-1
-1
-1
-1
-1
-1
-1
-1
-1
-1
-1
-1
-1
-1
-1
-1
-1
-1
-1
-1
-1
-1
-1
-1
-1
-1
-1
-1
-1
-1
-1
-1
-1
-1
-1
-1
-1
-1
-1
-1
-1
-1
-1
-1
-1
-1
-1
-1
-1
-1
-1
-1
-1
-1
-1
-1
-1
-1
-1
-1
-1
-1
-1
-1
-1
-1
-1
-1
-1
-1
-1
-1
-1
-1
-1
-1
-1
-1
-1
-1
-1
-1
-1
-1
-1
-1
-1
-1
-1
-1
-1
-1
-1
-1
-1
-1
-1
-1
-1
-1
-1
-1
-1
-1
-1
-1
-1
-1
-1
-1
-1
-1
-1
-1
-1
-1
-1
-1
-1
-1
-1
-1
-1
-1
-1
-1
-1
-1
-1
-1
-1
-1
-1
-1
-1
-1
-1
-1
-1
-1
-1
-1
-1
-1
-1
-1
-1
-1
-1
-1
-1
-1
-1
-1
-1
-1
-1
-1
-1
-1
-1
-1
-1
-1
-1
-1
-1
-1
-1
-1
-1
-1
-1
-1
-1
-1
-1
-1
-1
-1
-1
-1
-1
-1
-1
-1
-1
-1
-1
-1
-1
-1
-1
-1
-1
-1
-1
-1
-1
-1
-1
-1
-1
-1
-1
-1
-1
-1
-1
-1
-1
-1
-1
-1
-1
-1
-1
-1
-1
-1
-1
-1
-1
-1
-1
-1
-1
-1
-1
-1
-1
-1
-1
-1
-1
-1
-1
-1
-1
-1
-1
-1
-1
-1
-1
-1
-1
-1
-1
-1
-1
-1
-1
-1
-1
-1
-1
-1
-1
-1
-1
-1
-1
-1
-1
-1
-1
-1
-1
-1
-1
-1
-1
-1
-1
-1
-1
-1
-1
-1
-1
-1
-1
-1
-1
-1
-1
-1
-1
-1
-1
-1
-1
-1
-1
-1
-1
-1
-1
-1
-1
-1
-1
-1
-1
-1
-1
-1
-1
-1
-1
-1
-1
-1
-1
-1
-1
-1
-1
-1
-1
-1
-1
-1
-1
-1
-1
-1
-1
-1
-1
-1
-1
-1
-1
-1
-1
-1
-1
-1
-1
-1
-1
-1
-1
-1
-1
-1
-1
-1
-1
-1
-1
-1
-1
-1
-1
-1
-1
-1
-1
-1
-1
-1
-1
-1
-1
-1
-1
-1
-1
-1
-1
-1
-1
-1
-1
-1
-1
-1
-1
-1
-1
-1
-1
-1
-1
-1
-1
-1
-1
-1
-1
-1
-1
-1
-1
-1
-1
-1
-1
-1
-1
-1
-1
-1
-1
-1
-1
-1
-1
-1
-1
-1
-1
-1
-1
-1
-1
-1
-1
-1
-1
-1
-1
-1
-1
-1
-1
-1
-1
-1
-1
-1
-1
-1
-1
-1
-1
-1
-1
-1
-1
-1
-1
-1
-1
-1
-1
-1
-1
-1
-1
-1
-1
-1
-1
-1
-1
-1
-1
-1
-1
-1
-1
-1
-1
-1
-1
-1
-1
-1
-1
-1
-1
-1
-1
-1
-1
-1
-1
-1
-1
-1
-1
-1
-1
-1
-1
-1
-1
-1
-1
-1
-1
-1
-1
-1
-1
-1
-1
-1
-1
-1
-1
-1
-1
-1
-1
-1
-1
-1
-1
-1
-1
-1
-1
-1
-1
-1
-1
-1
-1
-1
-1
-1
-1
-1
-1
-1
-1
-1
-1
-1
-1
-1
-1
-1
-1
-1
-1
-1
-1
-1
-1
-1
-1
-1
-1
-1
-1
-1
-1
-1
-1
-1
-1
-1
-1
-1
-1
-1
-1
-1
-1
-1
-1
-1
-1
-1
-1
-1
-1
-1
-1
-1
-1
-1
-1
-1
-1
-1
-1
-1
-1
-1
-1
-1
-1
-1
-1
-1
-1
-1
-1
-1
-1
-1
-1
-1
-1
-1
-1
-1
-1
-1
-1
-1
-1
-1
-1
-1
-1
-1
-1
-1
-1
-1
-1
-1
-1
-1
-1
-1
-1
-1
-1
-1
-1
-1
-1
-1
-1
-1
-1
-1
-1
-1
-1
-1
-1
-1
-1
-1
-1
-1
-1
-1
-1
-1
-1
-1
-1
-1
-1
-1
-1
-1
-1
-1
-1
-1
-1
-1
-1
-1
-1
-1
-1
-1
-1
-1
-1
-1
-1
-1
-1
-1
-1
-1
-1
-1
-1
-1
-1
-1
-1
-1
-1
-1
-1
-1
-1
-1
-1
-1
-1
-1
-1
-1
-1
-1
-1
-1
-1
-1
-1
-1
-1
-1
-1
-1
-1
-1
-1
-1
-1
-1
-1
-1
-1
-1
-1
-1
-1
-1
-1
-1
-1
-1
-1
-1
-1
-1
-1
-1
-1
-1
-1
-1
-1
-1
-1
-1
-1
-1
-1
-1
-1
-1
-1
-1
-1
-1
-1
-1
-1
-1
-1
-1
-1
-1
-1
-1
-1
-1
-1
-1
-1
-1
-1
-1
-1
-1
-1
-1
-1
-1
-1
-1
-1
-1
-1
-1
-1
-1
-1
-1
-1
-1
-1
-1
-1
-1
-1
-1
-1
-1
-1
-1
-1
-1
-1
-1
-1
-1
-1
-1
-1
-1
-1
-1
-1
-1
-1
-1
-1
-1
-1
-1
-1
-1
-1
-1
-1
-1
-1
-1
-1
-1
-1
-1
-1
-1
-1
-1
-1
-1
-1
-1
-1
-1
-1
-1
-1
-1
-1
-1
-1
-1
-1
-1
-1
-1
-1
-1
-1
-1
-1
-1
-1
-1
-1
-1
-1
-1
-1
-1
-1
-1
-1
-1
-1
-1
-1
-1
-1
-1
-1
-1
-1
-1
-1
-1
-1
-1
-1
-1
-1
-1
-1
-1
-1
-1
-1
-1
-1
-1
-1
-1
-1
-1
-1
-1
-1
-1
-1
-1
-1
-1
-1
-1
-1
-1
-1
-1
-1
-1
-1
-1
-1
-1
-1
-1
-1
-1
-1
-1
-1
-1
-1
-1
-1
-1
-1
-1
-1
-1
-1
-1
-1
-1
-1
-1
-1
-1
-1
-1
-1
-1
-1
-1
-1
-1
-1
-1
-1
-1
-1
-1
-1
-1
-1
-1
-1
-1
-1
-1
-1
-1
-1
-1
-1
-1
-1
-1
-1
-1
-1
-1
-1
-1
-1
-1
-1
-1
-1
-1
-1
-1
-1
-1
-1
-1
-1
-1
-1
-1
-1
-1
-1
-1
-1
-1
-1
-1
-1
-1
-1
-1
-1
-1
-1
-1
-1
-1
-1
-1
-1
-1
-1
-1
-1
-1
-1
-1
-1
-1
-1
-1
-1
-1
-1
-1
-1
-1
-1
-1
-1
-1
-1
-1
-1
-1
-1
-1
-1
-1
-1
-1
-1
-1
-1
-1
-1
-1
-1
-1
-1
-1
-1
-1
-1
-1
-1
-1
-1
-1
-1
-1
-1
-1
-1
-1
-1
-1
-1
-1
-1
-1
-1
-1
-1
-1
-1
-1
-1
-1
-1
-1
-1
-1
-1
-1
-1
-1
-1
-1
-1
-1
-1
-1
-1
-1
-1
-1
-1
-1
-1
-1
-1
-1
-1
-1
-1
-1
-1
-1
-1
-1
-1
-1
-1
-1
-1
-1
-1
-1
-1
-1
-1
-1
-1
-1
-1
-1
-1
-1
-1
-1
-1
-1
-1
-1
-1
-1
-1
-1
-1
-1
-1
-1
-1
-1
-1
-1
-1
-1
-1
-1
-1
-1
-1
-1
-1
-1
-1
-1
-1
-1
-1
-1
-1
-1
-1
-1
-1
-1
-1
-1
-1
-1
-1
-1
-1
-1
-1
-1
-1
-1
-1
-1
-1
-1
-1
-1
-1
-1
-1
-1
-1
-1
-1
-1
-1
-1
-1
-1
-1
-1
-1
-1
-1
-1
-1
-1
-1
-1
-1
-1
-1
-1
-1
-1
-1
-1
-1
-1
-1
-1
-1
-1
-1
-1
-1
-1
-1
-1
-1
-1
-1
-1
-1
-1
-1
-1
-1
-1
-1
-1
-1
-1
-1
-1
-1
-1
-1
-1
-1
-1
-1
-1
-1
-1
-1
-1
-1
-1
-1
-1
-1
-1
-1
-1
-1
-1
-1
-1
-1
-1
-1
-1
-1
-1
-1
-1
-1
-1
-1
-1
-1
-1
-1
-1
-1
-1
-1
-1
-1
-1
-1
-1
-1
-1
-1
-1
-1
-1
-1
-1
-1
-1
-1
-1
-1
-1
-1
-1
-1
-1
-1
-1
-1
-1
-1
-1
-1
-1
-1
-1
-1
-1
-1
-1
-1
-1
-1
-1
-1
-1
-1
-1
-1
-1
-1
-1
-1
-1
-1
-1
-1
-1
-1
-1
-1
-1
-1
-1
-1
-1
-1
-1
-1
-1
-1
-1
-1
-1
-1
-1
-1
-1
-1
-1
-1
-1
-1
-1
-1
-1
-1
-1
-1
-1
-1
-1
-1
-1
-1
-1
-1
-1
-1
-1
-1
-1
-1
-1
-1
-1
-1
-1
-1
-1
-1
-1
-1
-1
-1
-1
-1
-1
-1
-1
-1
-1
-1
-1
-1
-1
-1
-1
-1
-1
-1
-1
-1
-1
-1
-1
-1
-1
-1
-1
-1
-1
-1
-1
-1
-1
-1
-1
-1
-1
-1
-1
-1
-1
-1
-1
-1
-1
-1
-1
-1
-1
-1
-1
-1
-1
-1
-1
-1
-1
-1
-1
-1
-1
-1
-1
-1
-1
-1
-1
-1
-1
-1
-1
-1
-1
-1
-1
-1
-1
-1
-1
-1
-1
-1
-1
-1
-1
-1
-1
-1
-1
-1
-1
-1
-1
-1
-1
-1
-1
-1
-1
-1
-1
-1
-1
-1
-1
-1
-1
-1
-1
-1
-1
-1
-1
-1
-1
-1
-1
-1
-1
-1
-1
-1
-1
-1
-1
-1
-1
-1
-1
-1
-1
-1
-1
-1
-1
-1
-1
-1
-1
-1
-1
-1
-1
-1
-1
-1
-1
-1
-1
-1
-1
-1
-1
-1
-1
-1
-1
-1
-1
-1
-1
-1
-1
-1
-1
-1
-1
-1
-1
-1
-1
-1
-1
-1
-1
-1
-1
-1
-1
-1
-1
-1
-1
-1
-1
-1
-1
-1
-1
-1
-1
-1
-1
-1
-1
-1
-1
-1
-1
-1
-1
-1
-1
-1
-1
-1
-1
-1
-1
-1
-1
-1
-1
-1
-1
-1
-1
-1
-1
-1
-1
-1
-1
-1
-1
-1
-1
-1
-1
-1
-1
-1
-1
-1
-1
-1
-1
-1
-1
-1
-1
-1
-1
-1
-1
-1
-1
-1
-1
-1
-1
-1
-1
-1
-1
-1
-1
-1
-1
-1
-1
-1
-1
-1
-1
-1
-1
-1
-1
-1
-1
-1
-1
-1
-1
-1
-1
-1
-1
-1
-1
-1
-1
-1
-1
-1
-1
-1
-1
-1
-1
-1
-1
-1
-1
-1
-1
-1
-1
-1
-1
-1
-1
-1
-1
-1
-1
-1
-1
-1
-1
-1
-1
-1
-1
-1
-1
-1
-1
-1
-1
-1
-1
-1
-1
-1
-1
-1
-1
-1
-1
-1
-1
-1
-1
-1
-1
-1
-1
-1
-1
-1
-1
-1
-1
-1
-1
-1
-1
-1
-1
-1
-1
-1
-1
-1
-1
-1
-1
-1
-1
-1
-1
-1
-1
-1
-1
-1
-1
-1
-1
-1
-1
-1
-1
-1
-1
-1
-1
-1
-1
-1
-1
-1
-1
-1
-1
-1
-1
-1
-1
-1
-1
-1
-1
-1
-1
-1
-1
-1
-1
-1
-1
-1
-1
-1
-1
-1
-1
-1
-1
-1
-1
-1
-1
-1
-1
-1
-1
-1
-1
-1
-1
-1
-1
-1
-1
-1
-1
-1
-1
-1
-1
-1
-1
-1
-1
-1
-1
-1
-1
-1
-1
-1
-1
-1
-1
-1
-1
-1
-1
-1
-1
-1
-1
-1
-1
-1
-1
-1
-1
-1
-1
-1
-1
-1
-1
-1
-1
-1
-1
-1
-1
-1
-1
-1
-1
-1
-1
-1
-1
-1
-1
-1
-1
-1
-1
-1
-1
-1
-1
-1
-1
-1
-1
-1
-1
-1
-1
-1
-1
-1
-1
-1
-1
-1
-1
-1
-1
-1
-1
-1
-1
-1
-1
-1
-1
-1
-1
-1
-1
-1
-1
-1
-1
-1
-1
-1
-1
-1
-1
-1
-1
-1
-1
-1
-1
-1
-1
-1
-1
-1
-1
-1
-1
-1
-1
-1
-1
-1
-1
-1
-1
-1
-1
-1
-1
-1
-1
-1
-1
-1
-1
-1
-1
-1
-1
-1
-1
-1
-1
-1
-1
-1
-1
-1
-1
-1
-1
-1
-1
-1
-1
-1
-1
-1
-1
-1
-1
-1
-1
-1
-1
-1
-1
-1
-1
-1
-1
-1
-1
-1
-1
-1
-1
-1
-1
-1
-1
-1
-1
-1
-1
-1
-1
-1
-1
-1
-1
-1
-1
-1
-1
-1
-1
-1
-1
-1
-1
-1
-1
-1
-1
-1
-1
-1
-1
-1
-1
-1
-1
-1
-1
-1
-1
-1
-1
-1
-1
-1
-1
-1
-1
-1
-1
-1
-1
-1
-1
-1
-1
-1
-1
-1
-1
-1
-1
-1
-1
-1
-1
-1
-1
-1
-1
-1
-1
-1
-1
-1
-1
-1
-1
-1
-1
-1
-1
-1
-1
-1
-1
-1
-1
-1
-1
-1
-1
-1
-1
-1
-1
-1
-1
-1
-1
-1
-1
-1
-1
-1
-1
-1
-1
-1
-1
-1
-1
-1
-1
-1
-1
-1
-1
-1
-1
-1
-1
-1
-1
-1
-1
-1
-1
-1
-1
-1
-1
-1
-1
-1
-1
-1
-1
-1
-1
-1
-1
-1
-1
-1
-1
-1
-1
-1
-1
-1
-1
-1
-1
-1
-1
-1
-1
-1
-1
-1
-1
-1
-1
-1
-1
-1
-1
-1
-1
-1
-1
-1
-1
-1
-1
-1
-1
-1
-1
-1
-1
-1
-1
-1
-1
-1
-1
-1
-1
-1
-1
-1
-1
-1
-1
-1
-1
-1
-1
-1
-1
-1
-1
-1
-1
-1
-1
-1
-1
-1
-1
-1
-1
-1
-1
-1
-1
-1
-1
-1
-1
-1
-1
-1
-1
-1
-1
-1
-1
-1
-1
-1
-1
-1
-1
-1
-1
-1
-1
-1
-1
-1
-1
-1
-1
-1
-1
-1
-1
-1
-1
-1
-1
-1
-1
-1
-1
-1
-1
-1
-1
-1
-1
-1
-1
-1
-1
-1
-1
-1
-1
-1
-1
-1
-1
-1
-1
-1
-1
-1
-1
-1
-1
-1
-1
-1
-1
-1
-1
-1
-1
-1
-1
-1
-1
-1
-1
-1
-1
-1
-1
-1
-1
-1
-1
-1
-1
-1
-1
-1
-1
-1
-1
-1
-1
-1
-1
-1
-1
-1
-1
-1
-1
-1
-1
-1
-1
-1
-1
-1
-1
-1
-1
-1
-1
-1
-1
-1
-1
-1
-1
-1
-1
-1
-1
-1
-1
-1
-1
-1
-1
-1
-1
-1
-1
-1
-1
-1
-1
-1
-1
-1
-1
-1
-1
-1
-1
-1
-1
-1
-1
-1
-1
-1
-1
-1
-1
-1
-1
-1
-1
-1
-1
-1
-1
-1
-1
-1
-1
-1
-1
-1
-1
-1
-1
-1
-1
-1
-1
-1
-1
-1
-1
-1
-1
-1
-1
-1
-1
-1
-1
-1
-1
-1
-1
-1
-1
-1
-1
-1
-1
-1
-1
-1
-1
-1
-1
-1
-1
-1
-1
-1
-1
-1
-1
-1
-1
-1
-1
-1
-1
-1
-1
-1
-1
-1
-1
-1
-1
-1
-1
-1
-1
-1
-1
-1
-1
-1
-1
-1
-1
-1
-1
-1
-1
-1
-1
-1
-1
-1
-1
-1
-1
-1
-1
-1
-1
-1
-1
-1
-1
-1
-1
-1
-1
-1
-1
-1
-1
-1
-1
-1
-1
-1
-1
-1
-1
-1
-1
-1
-1
-1
-1
-1
-1
-1
-1
-1
-1
-1
-1
-1
-1
-1
-1
-1
-1
-1
-1
-1
-1
-1
-1
-1
-1
-1
-1
-1
-1
-1
-1
-1
-1
-1
-1
-1
-1
-1
-1
-1
-1
-1
-1
-1
-1
-1
-1
-1
-1
-1
-1
-1
-1
-1
-1
-1
-1
-1
-1
-1
-1
-1
-1
-1
-1
-1
-1
-1
-1
-1
-1
-1
-1
-1
-1
-1
-1
-1
-1
-1
-1
-1
-1
-1
-1
-1
-1
-1
-1
-1
-1
-1
-1
-1
-1
-1
-1
-1
-1
-1
-1
-1
-1
-1
-1
-1
-1
-1
-1
-1
-1
-1
-1
-1
-1
-1
-1
-1
-1
-1
-1
-1
-1
-1
-1
-1
-1
-1
-1
-1
-1
-1
-1
-1
-1
-1
-1
-1
-1
-1
-1
-1
-1
-1
-1
-1
-1
-1
-1
-1
-1
-1
-1
-1
-1
-1
-1
-1
-1
-1
-1
-1
-1
-1
-1
-1
-1
-1
-1
-1
-1
-1
-1
-1
-1
-1
-1
-1
-1
-1
-1
-1
-1
-1
-1
-1
-1
-1
-1
-1
-1
-1
-1
-1
-1
-1
-1
-1
-1
-1
-1
-1
-1
-1
-1
-1
-1
-1
-1
-1
-1
-1
-1
-1
-1
-1
-1
-1
-1
-1
-1
-1
-1
-1
-1
-1
-1
-1
-1
-1
-1
-1
-1
-1
-1
-1
-1
-1
-1
-1
-1
-1
-1
-1
-1
-1
-1
-1
-1
-1
-1
-1
-1
-1
-1
-1
-1
-1
-1
-1
-1
-1
-1
-1
-1
-1
-1
-1
-1
-1
-1
-1
-1
-1
-1
-1
-1
-1
-1
-1
-1
-1
-1
-1
-1
-1
-1
-1
-1
-1
-1
-1
-1
-1
-1
-1
-1
-1
-1
-1
-1
-1
-1
-1
-1
-1
-1
-1
-1
-1
-1
-1
-1
-1
-1
-1
-1
-1
-1
-1
-1
-1
-1
-1
-1
-1
-1
-1
-1
-1
-1
-1
-1
-1
-1
-1
-1
-1
-1
-1
-1
-1
-1
-1
-1
-1
-1
-1
-1
-1
-1
-1
-1
-1
-1
-1
-1
-1
-1
-1
-1
-1
-1
-1
-1
-1
-1
-1
-1
-1
-1
-1
-1
-1
-1
-1
-1
-1
-1
-1
-1
-1
-1
-1
-1
-1
-1
-1
-1
-1
-1
-1
-1
-1
-1
-1
-1
-1
-1
-1
-1
-1
-1
-1
-1
-1
-1
-1
-1
-1
-1
-1
-1
-1
-1
-1
-1
-1
-1
-1
-1
-1
-1
-1
-1
-1
-1
-1
-1
-1
-1
-1
-1
-1
-1
-1
-1
-1
-1
-1
-1
-1
-1
-1
-1
-1
-1
-1
-1
-1
-1
-1
-1
-1
-1
-1
-1
-1
-1
-1
-1
-1
-1
-1
-1
-1
-1
-1
-1
-1
-1
-1
-1
-1
-1
-1
-1
-1
-1
-1
-1
-1
-1
-1
-1
-1
-1
-1
-1
-1
-1
-1
-1
-1
-1
-1
-1
-1
-1
-1
-1
-1
-1
-1
-1
-1
-1
-1
-1
-1
-1
-1
-1
-1
-1
-1
-1
-1
-1
-1
-1
-1
-1
-1
-1
-1
-1
-1
-1
-1
-1
-1
-1
-1
-1
-1
-1
-1
-1
-1
-1
-1
-1
-1
-1
-1
-1
-1
-1
-1
-1
-1
-1
-1
-1
-1
-1
-1
-1
-1
-1
-1
-1
-1
-1
-1
-1
-1
-1
-1
-1
-1
-1
-1
-1
-1
-1
-1
-1
-1
-1
-1
-1
-1
-1
-1
-1
-1
-1
-1
-1
-1
-1
-1
-1
-1
-1
-1
-1
-1
-1
-1
-1
-1
-1
-1
-1
-1
-1
-1
-1
-1
-1
-1
-1
-1
-1
-1
-1
-1
-1
-1
-1
-1
-1
-1
-1
-1
-1
-1
-1
-1
-1
-1
-1
-1
-1
-1
-1
-1
-1
-1
-1
-1
-1
-1
-1
-1
-1
-1
-1
-1
-1
-1
-1
-1
-1
-1
-1
-1
-1
-1
-1
-1
-1
-1
-1
-1
-1
-1
-1
-1
-1
-1
-1
-1
-1
-1
-1
-1
-1
-1
-1
-1
-1
-1
-1
-1
-1
-1
-1
-1
-1
-1
-1
-1
-1
-1
-1
-1
-1
-1
-1
-1
-1
-1
-1
-1
-1
-1
-1
-1
-1
-1
-1
-1
-1
-1
-1
-1
-1
-1
-1
-1
-1
-1
-1
-1
-1
-1
-1
-1
-1
-1
-1
-1
-1
-1
-1
-1
-1
-1
-1
-1
-1
-1
-1
-1
-1
-1
-1
-1
-1
-1
-1
-1
-1
-1
-1
-1
-1
-1
-1
-1
-1
-1
-1
-1
-1
-1
-1
-1
-1
-1
-1
-1
-1
-1
-1
-1
-1
-1
-1
-1
-1
-1
-1
-1
-1
-1
-1
-1
-1
-1
-1
-1
-1
-1
-1
-1
-1
-1
-1
-1
-1
-1
-1
-1
-1
-1
-1
-1
-1
-1
-1
-1
-1
-1
-1
-1
-1
-1
-1
-1
-1
-1
-1
-1
-1
-1
-1
-1
-1
-1
-1
-1
-1
-1
-1
-1
-1
-1
-1
-1
-1
-1
-1
-1
-1
-1
-1
-1
-1
-1
-1
-1
-1
-1
-1
-1
-1
-1
-1
-1
-1
-1
-1
-1
-1
-1
-1
-1
-1
-1
-1
-1
-1
-1
-1
-1
-1
-1
-1
-1
-1
-1
-1
-1
-1
-1
-1
-1
-1
-1
-1
-1
-1
-1
-1
-1
-1
-1
-1
-1
-1
-1
-1
-1
-1
-1
-1
-1
-1
-1
-1
-1
-1
-1
-1
-1
-1
-1
-1
-1
-1
-1
-1
-1
-1
-1
-1
-1
-1
-1
-1
-1
-1
-1
-1
-1
-1
-1
-1
-1
-1
-1
-1
-1
-1
-1
-1
-1
-1
-1
-1
-1
-1
-1
-1
-1
-1
-1
-1
-1
-1
-1
-1
-1
-1
-1
-1
-1
-1
-1
-1
-1
-1
-1
-1
-1
-1
-1
-1
-1
-1
-1
-1
-1
-1
-1
-1
-1
-1
-1
-1
-1
-1
-1
-1
-1
-1
-1
-1
-1
-1
-1
-1
-1
-1
-1
-1
-1
-1
-1
-1
-1
-1
-1
-1
-1
-1
-1
-1
-1
-1
-1
-1
-1
-1
-1
-1
-1
-1
-1
-1
-1
-1
-1
-1
-1
-1
-1
-1
-1
-1
-1
-1
-1
-1
-1
-1
-1
-1
-1
-1
-1
-1
-1
-1
-1
-1
-1
-1
-1
-1
-1
-1
-1
-1
-1
-1
-1
-1
-1
-1
-1
-1
-1
-1
-1
-1
-1
-1
-1
-1
-1
-1
-1
-1
-1
-1
-1
-1
-1
-1
-1
-1
-1
-1
-1
-1
-1
-1
-1
-1
-1
-1
-1
-1
-1
-1
-1
-1
-1
-1
-1
-1
-1
-1
-1
-1
-1
-1
-1
-1
-1
-1
-1
-1
-1
-1
-1
-1
-1
-1
-1
-1
-1
-1
-1
-1
-1
-1
-1
-1
-1
-1
-1
-1
-1
-1
-1
-1
-1
-1
-1
-1
-1
-1
-1
-1
-1
-1
-1
-1
-1
-1
-1
-1
-1
-1
-1
-1
-1
-1
-1
-1
-1
-1
-1
-1
-1
-1
-1
-1
-1
-1
-1
-1
-1
-1
-1
-1
-1
-1
-1
-1
-1
-1
-1
-1
-1
-1
-1
-1
-1
-1
-1
-1
-1
-1
-1
-1
-1
-1
-1
-1
-1
-1
-1
-1
-1
-1
-1
-1
-1
-1
-1
-1
-1
-1
-1
-1
-1
-1
-1
-1
-1
-1
-1
-1
-1
-1
-1
-1
-1
-1
-1
-1
-1
-1
-1
-1
-1
-1
-1
-1
-1
-1
-1
-1
-1
-1
-1
-1
-1
-1
-1
-1
-1
-1
-1
-1
-1
-1
-1
-1
-1
-1
-1
-1
-1
-1
-1
-1
-1
-1
-1
-1
-1
-1
-1
-1
-1
-1
-1
-1
-1
-1
-1
-1
-1
-1
-1
-1
-1
-1
-1
-1
-1
-1
-1
-1
-1
-1
-1
-1
-1
-1
-1
-1
-1
-1
-1
-1
-1
-1
-1
-1
-1
-1
-1
-1
-1
-1
-1
-1
-1
-1
-1
-1
-1
-1
-1
-1
-1
-1
-1
-1
-1
-1
-1
-1
-1
-1
-1
-1
-1
-1
-1
-1
-1
-1
-1
-1
-1
-1
-1
-1
-1
-1
-1
-1
-1
-1
-1
-1
-1
-1
-1
-1
-1
-1
-1
-1
-1
-1
-1
-1
-1
-1
-1
-1
-1
-1
-1
-1
-1
-1
-1
-1
-1
-1
-1
-1
-1
-1
-1
-1
-1
-1
-1
-1
-1
-1
-1
-1
-1
-1
-1
-1
-1
-1
-1
-1
-1
-1
-1
-1
-1
-1
-1
-1
-1
-1
-1
-1
-1
-1
-1
-1
-1
-1
-1
-1
-1
-1
-1
-1
-1
-1
-1
-1
-1
-1
-1
-1
-1
-1
-1
-1
-1
-1
-1
-1
-1
-1
-1
-1
-1
-1
-1
-1
-1
-1
-1
-1
-1
-1
-1
-1
-1
-1
-1
-1
-1
-1
-1
-1
-1
-1
-1
-1
-1
-1
-1
-1
-1
-1
-1
-1
-1
-1
-1
-1
-1
-1
-1
-1
-1
-1
-1
-1
-1
-1
-1
-1
-1
-1
-1
-1
-1
-1
-1
-1
-1
-1
-1
-1
-1
-1
-1
-1
-1
-1
-1
-1
-1
-1
-1
-1
-1
-1
-1
-1
-1
-1
-1
-1
-1
-1
-1
-1
-1
-1
-1
-1
-1
-1
-1
-1
-1
-1
-1
-1
-1
-1
-1
-1
-1
-1
-1
-1
-1
-1
-1
-1
-1
-1
-1
-1
-1
-1
-1
-1
-1
-1
-1
-1
-1
-1
-1
-1
-1
-1
-1
-1
-1
-1
-1
-1
-1
-1
-1
-1
-1
-1
-1
-1
-1
-1
-1
-1
-1
-1
-1
-1
-1
-1
-1
-1
-1
-1
-1
-1
-1
-1
-1
-1
-1
-1
-1
-1
-1
-1
-1
-1
-1
-1
-1
-1
-1
-1
-1
-1
-1
-1
-1
-1
-1
-1
-1
-1
-1
-1
-1
-1
-1
-1
-1
-1
-1
-1
-1
-1
-1
-1
-1
-1
-1
-1
-1
-1
-1
-1
-1
-1
-1
-1
-1
-1
-1
-1
-1
-1
-1
-1
-1
-1
-1
-1
-1
-1
-1
-1
-1
-1
-1
-1
-1
-1
-1
-1
-1
-1
-1
-1
-1
-1
-1
-1
-1
-1
-1
-1
-1
-1
-1
-1
-1
-1
-1
-1
-1
-1
-1
-1
-1
-1
-1
-1
-1
-1
-1
-1
-1
-1
-1
-1
-1
-1
-1
-1
-1
-1
-1
-1
-1
-1
-1
-1
-1
-1
-1
-1
-1
-1
-1
-1
-1
-1
-1
-1
-1
-1
-1
-1
-1
-1
-1
-1
-1
-1
-1
-1
-1
-1
-1
-1
-1
-1
-1
-1
-1
-1
-1
-1
-1
-1
-1
-1
-1
-1
-1
-1
-1
-1
-1
-1
-1
-1
-1
-1
-1
-1
-1
-1
-1
-1
-1
-1
-1
-1
-1
-1
-1
-1
-1
-1
-1
-1
-1
-1
-1
-1
-1
-1
-1
-1
-1
-1
-1
-1
-1
-1
-1
-1
-1
-1
-1
-1
-1
-1
-1
-1
-1
-1
-1
-1
-1
-1
-1
-1
-1
-1
-1
-1
-1
-1
-1
-1
-1
-1
-1
-1
-1
-1
-1
-1
-1
-1
-1
-1
-1
-1
-1
-1
-1
-1
-1
-1
-1
-1
-1
-1
-1
-1
-1
-1
-1
-1
-1
-1
-1
-1
-1
-1
-1
-1
-1
-1
-1
-1
-1
-1
-1
-1
-1
-1
-1
-1
-1
-1
-1
-1
-1
-1
-1
-1
-1
-1
-1
-1
-1
-1
-1
-1
-1
-1
-1
-1
-1
-1
-1
-1
-1
-1
-1
-1
-1
-1
-1
-1
-1
-1
-1
-1
-1
-1
-1
-1
-1
-1
-1
-1
-1
-1
-1
-1
-1
-1
-1
-1
-1
-1
-1
-1
-1
-1
-1
-1
-1
-1
-1
-1
-1
-1
-1
-1
-1
-1
-1
-1
-1
-1
-1
-1
-1
-1
-1
-1
-1
-1
-1
-1
-1
-1
-1
-1
-1
-1
-1
-1
-1
-1
-1
-1
-1
-1
-1
-1
-1
-1
-1
-1
-1
-1
-1
-1
-1
-1
-1
-1
-1
-1
-1
-1
-1
-1
-1
-1
-1
-1
-1
-1
-1
-1
-1
-1
-1
-1
-1
-1
-1
-1
-1
-1
-1
-1
-1
-1
-1
-1
-1
-1
-1
-1
-1
-1
-1
-1
-1
-1
-1
-1
-1
-1
-1
-1
-1
-1
-1
-1
-1
-1
-1
-1
-1
-1
-1
-1
-1
-1
-1
-1
-1
-1
-1
-1
-1
-1
-1
-1
-1
-1
-1
-1
-1
-1
-1
-1
-1
-1
-1
-1
-1
-1
-1
-1
-1
-1
-1
-1
-1
-1
-1
-1
-1
-1
-1
-1
-1
-1
-1
-1
-1
-1
-1
-1
-1
-1
-1
-1
-1
-1
-1
-1
-1
-1
-1
-1
-1
-1
-1
-1
-1
-1
-1
-1
-1
-1
-1
-1
-1
-1
-1
-1
-1
-1
-1
-1
-1
-1
-1
-1
-1
-1
-1
-1
-1
-1
-1
-1
-1
-1
-1
-1
-1
-1
-1
-1
-1
-1
-1
-1
-1
-1
-1
-1
-1
-1
-1
-1
-1
-1
-1
-1
-1
-1
-1
-1
-1
-1
-1
-1
-1
-1
-1
-1
-1
-1
-1
-1
-1
-1
-1
-1
-1
-1
-1
-1
-1
-1
-1
-1
-1
-1
-1
-1
-1
-1
-1
-1
-1
-1
-1
-1
-1
-1
-1
-1
-1
-1
-1
-1
-1
-1
-1
-1
-1
-1
-1
-1
-1
-1
-1
-1
-1
-1
-1
-1
-1
-1
-1
-1
-1
-1
-1
-1
-1
-1
-1
-1
-1
-1
-1
-1
-1
-1
-1
-1
-1
-1
-1
-1
-1
-1
-1
-1
-1
-1
-1
-1
-1
-1
-1
-1
-1
-1
-1
-1
-1
-1
-1
-1
-1
-1
-1
-1
-1
-1
-1
-1
-1
-1
-1
-1
-1
-1
-1
-1
-1
-1
-1
-1
-1
-1
-1
-1
-1
-1
-1
-1
-1
-1
-1
-1
-1
-1
-1
-1
-1
-1
-1
-1
-1
-1
-1
-1
-1
-1
-1
-1
-1
-1
-1
-1
-1
-1
-1
-1
-1
-1
-1
-1
-1
-1
-1
-1
-1
-1
-1
-1
-1
-1
-1
-1
-1
-1
-1
-1
-1
-1
-1
-1
-1
-1
-1
-1
-1
-1
-1
-1
-1
-1
-1
-1
-1
-1
-1
-1
-1
-1
-1
-1
-1
-1
-1
-1
-1
-1
-1
-1
-1
-1
-1
-1
-1
-1
-1
-1
-1
-1
-1
-1
-1
-1
-1
-1
-1
-1
-1
-1
-1
-1
-1
-1
-1
-1
-1
-1
-1
-1
-1
-1
-1
-1
-1
-1
-1
-1
-1
-1
-1
-1
-1
-1
-1
-1
-1
-1
-1
-1
-1
-1
-1
-1
-1
-1
-1
-1
-1
-1
-1
-1
-1
-1
-1
-1
-1
-1
-1
-1
-1
-1
-1
-1
-1
-1
-1
-1
-1
-1
-1
-1
-1
-1
-1
-1
-1
-1
-1
-1
-1
-1
-1
-1
-1
-1
-1
-1
-1
-1
-1
-1
-1
-1
-1
-1
-1
-1
-1
-1
-1
-1
-1
-1
-1
-1
-1
-1
-1
-1
-1
-1
-1
-1
-1
-1
-1
-1
-1
-1
-1
-1
-1
-1
-1
-1
-1
-1
-1
-1
-1
-1
-1
-1
-1
-1
-1
-1
-1
-1
-1
-1
-1
-1
-1
-1
-1
-1
-1
-1
-1
-1
-1
-1
-1
-1
-1
-1
-1
-1
-1
-1
-1
-1
-1
-1
-1
-1
-1
-1
-1
-1
-1
-1
-1
-1
-1
-1
-1
-1
-1
-1
-1
-1
-1
-1
-1
-1
-1
-1
-1
-1
-1
-1
-1
-1
-1
-1
-1
-1
-1
-1
-1
-1
-1
-1
-1
-1
-1
-1
-1
-1
-1
-1
-1
-1
-1
-1
-1
-1
-1
-1
-1
-1
-1
-1
-1
-1
-1
-1
-1
-1
-1
-1
-1
-1
-1
-1
-1
-1
-1
-1
-1
-1
-1
-1
-1
-1
-1
-1
-1
-1
-1
-1
-1
-1
-1
-1
-1
-1
-1
-1
-1
-1
-1
-1
-1
-1
-1
-1
-1
-1
-1
-1
-1
-1
-1
-1
-1
-1
-1
-1
-1
-1
-1
-1
-1
-1
-1
-1
-1
-1
-1
-1
-1
-1
-1
-1
-1
-1
-1
-1
-1
-1
-1
-1
-1
-1
-1
-1
-1
-1
-1
-1
-1
-1
-1
-1
-1
-1
-1
-1
-1
-1
-1
-1
-1
-1
-1
-1
-1
-1
-1
-1
-1
-1
-1
-1
-1
-1
-1
-1
-1
-1
-1
-1
-1
-1
-1
-1
-1
-1
-1
-1
-1
-1
-1
-1
-1
-1
-1
-1
-1
-1
-1
-1
-1
-1
-1
-1
-1
-1
-1
-1
-1
-1
-1
-1
-1
-1
-1
-1
-1
-1
-1
-1
-1
-1
-1
-1
-1
-1
-1
-1
-1
-1
-1
-1
-1
-1
-1
-1
-1
-1
-1
-1
-1
-1
-1
-1
-1
-1
-1
-1
-1
-1
-1
-1
-1
-1
-1
-1
-1
-1
-1
-1
-1
-1
-1
-1
-1
-1
-1
-1
-1
-1
-1
-1
-1
-1
-1
-1
-1
-1
-1
-1
-1
-1
-1
-1
-1
-1
-1
-1
-1
-1
-1
-1
-1
-1
-1
-1
-1
-1
-1
-1
-1
-1
-1
-1
-1
-1
-1
-1
-1
-1
-1
-1
-1
-1
-1
-1
-1
-1
-1
-1
-1
-1
-1
-1
-1
-1
-1
-1
-1
-1
-1
-1
-1
-1
-1
-1
-1
-1
-1
-1
-1
-1
-1
-1
-1
-1
-1
-1
-1
-1
-1
-1
-1
-1
-1
-1
-1
-1
-1
-1
-1
-1
-1
-1
-1
-1
-1
-1
-1
-1
-1
-1
-1
-1
-1
-1
-1
-1
-1
-1
-1
-1
-1
-1
-1
-1
-1
-1
-1
-1
-1
-1
-1
-1
-1
-1
-1
-1
-1
-1
-1
-1
-1
-1
-1
-1
-1
-1
-1
-1
-1
-1
-1
-1
-1
-1
-1
-1
-1
-1
-1
-1
-1
-1
-1
-1
-1
-1
-1
-1
-1
-1
-1
-1
-1
-1
-1
-1
-1
-1
-1
-1
-1
-1
-1
-1
-1
-1
-1
-1
-1
-1
-1
-1
-1
-1
-1
-1
-1
-1
-1
-1
-1
-1
-1
-1
-1
-1
-1
-1
-1
-1
-1
-1
-1
-1
-1
-1
-1
-1
-1
-1
-1
-1
-1
-1
-1
-1
-1
-1
-1
-1
-1
-1
-1
-1
-1
-1
-1
-1
-1
-1
-1
-1
-1
-1
-1
-1
-1
-1
-1
-1
-1
-1
-1
-1
-1
-1
-1
-1
-1
-1
-1
-1
-1
-1
-1
-1
-1
-1
-1
-1
-1
-1
-1
-1
-1
-1
-1
-1
-1
-1
-1
-1
-1
-1
-1
-1
-1
-1
-1
-1
-1
-1
-1
-1
-1
-1
-1
-1
-1
-1
-1
-1
-1
-1
-1
-1
-1
-1
-1
-1
-1
-1
-1
-1
-1
-1
-1
-1
-1
-1
-1
-1
-1
-1
-1
-1
-1
-1
-1
-1
-1
-1
-1
-1
-1
-1
-1
-1
-1
-1
-1
-1
-1
-1
-1
-1
-1
-1
-1
-1
-1
-1
-1
-1
-1
-1
-1
-1
-1
-1
-1
-1
-1
-1
-1
-1
-1
-1
-1
-1
-1
-1
-1
-1
-1
-1
-1
-1
-1
-1
-1
-1
-1
-1
-1
-1
-1
-1
-1
-1
-1
-1
-1
-1
-1
-1
-1
-1
-1
-1
-1
-1
-1
-1
-1
-1
-1
-1
-1
-1
-1
-1
-1
-1
-1
-1
-1
-1
-1
-1
-1
-1
-1
-1
-1
-1
-1
-1
-1
-1
-1
-1
-1
-1
-1
-1
-1
-1
-1
-1
-1
-1
-1
-1
-1
-1
-1
-1
-1
-1
-1
-1
-1
-1
-1
-1
-1
-1
-1
-1
-1
-1
-1
-1
-1
-1
-1
-1
-1
-1
-1
-1
-1
-1
-1
-1
-1
-1
-1
-1
-1
-1
-1
-1
-1
-1
-1
-1
-1
-1
-1
-1
-1
-1
-1
-1
-1
-1
-1
-1
-1
-1
-1
-1
-1
-1
-1
-1
-1
-1
-1
-1
-1
-1
-1
-1
-1
-1
-1
-1
-1
-1
-1
-1
-1
-1
-1
-1
-1
-1
-1
-1
-1
-1
-1
-1
-1
-1
-1
-1
-1
-1
-1
-1
-1
-1
-1
-1
-1
-1
-1
-1
-1
-1
-1
-1
-1
-1
-1
-1
-1
-1
-1
-1
-1
-1
-1
-1
-1
-1
-1
-1
-1
-1
-1
-1
-1
-1
-1
-1
-1
-1
-1
-1
-1
-1
-1
-1
-1
-1
-1
-1
-1
-1
-1
-1
-1
-1
-1
-1
-1
-1
-1
-1
-1
-1
-1
-1
-1
-1
-1
-1
-1
-1
-1
-1
-1
-1
-1
-1
-1
-1
-1
-1
-1
-1
-1
-1
-1
-1
-1
-1
-1
-1
-1
-1
-1
-1
-1
-1
-1
-1
-1
-1
-1
-1
-1
-1
-1
-1
-1
-1
-1
-1
-1
-1
-1
-1
-1
-1
-1
-1
-1
-1
-1
-1
-1
-1
-1
-1
-1
-1
-1
-1
-1
-1
-1
-1
-1
-1
-1
-1
-1
-1
-1
-1
-1
-1
-1
-1
-1
-1
-1
-1
-1
-1
-1
-1
-1
-1
-1
-1
-1
-1
-1
-1
-1
-1
-1
-1
-1
-1
-1
-1
-1
-1
-1
-1
-1
-1
-1
-1
-1
-1
-1
-1
-1
-1
-1
-1
-1
-1
-1
-1
-1
-1
-1
-1
-1
-1
-1
-1
-1
-1
-1
-1
-1
-1
-1
-1
-1
-1
-1
-1
-1
-1
-1
-1
-1
-1
-1
-1
-1
-1
-1
-1
-1
-1
-1
-1
-1
-1
-1
-1
-1
-1
-1
-1
-1
-1
-1
-1
-1
-1
-1
-1
-1
-1
-1
-1
-1
-1
-1
-1
-1
-1
-1
-1
-1
-1
-1
-1
-1
-1
-1
-1
-1
-1
-1
-1
-1
-1
-1
-1
-1
-1
-1
-1
-1
-1
-1
-1
-1
-1
-1
-1
-1
-1
-1
-1
-1
-1
-1
-1
-1
-1
-1
-1
-1
-1
-1
-1
-1
-1
-1
-1
-1
-1
-1
-1
-1
-1
-1
-1
-1
-1
-1
-1
-1
-1
-1
-1
-1
-1
-1
-1
-1
-1
-1
-1
-1
-1
-1
-1
-1
-1
-1
-1
-1
-1
-1
-1
-1
-1
-1
-1
-1
-1
-1
-1
-1
-1
-1
-1
-1
-1
-1
-1
-1
-1
-1
-1
-1
-1
-1
-1
-1
-1
-1
-1
-1
-1
-1
-1
-1
-1
-1
-1
-1
-1
-1
-1
-1
-1
-1
-1
-1
-1
-1
-1
-1
-1
-1
-1
-1
-1
-1
-1
-1
-1
-1
-1
-1
-1
-1
-1
-1
-1
-1
-1
-1
-1
-1
-1
-1
-1
-1
-1
-1
-1
-1
-1
-1
-1
-1
-1
-1
-1
-1
-1
-1
-1
-1
-1
-1
-1
-1
-1
-1
-1
-1
-1
-1
-1
-1
-1
-1
-1
-1
-1
-1
-1
-1
-1
-1
-1
-1
-1
-1
-1
-1
-1
-1
-1
-1
-1
-1
-1
-1
-1
-1
-1
-1
-1
-1
-1
-1
-1
-1
-1
-1
-1
-1
-1
-1
-1
-1
-1
-1
-1
-1
-1
-1
-1
-1
-1
-1
-1
-1
-1
-1
-1
-1
-1
-1
-1
-1
-1
-1
-1
-1
-1
-1
-1
-1
-1
-1
-1
-1
-1
-1
-1
-1
-1
-1
-1
-1
-1
-1
-1
-1
-1
-1
-1
-1
-1
-1
-1
-1
-1
-1
-1
-1
-1
-1
-1
-1
-1
-1
-1
-1
-1
-1
-1
-1
-1
-1
-1
-1
-1
-1
-1
-1
-1
-1
-1
-1
-1
-1
-1
-1
-1
-1
-1
-1
-1
-1
-1
-1
-1
-1
-1
-1
-1
-1
-1
-1
-1
-1
-1
-1
-1
-1
-1
-1
-1
-1
-1
-1
-1
-1
-1
-1
-1
-1
-1
-1
-1
-1
-1
-1
-1
-1
-1
-1
-1
-1
-1
-1
-1
-1
-1
-1
-1
-1
-1
-1
-1
-1
-1
-1
-1
-1
-1
-1
-1
-1
-1
-1
-1
-1
-1
-1
-1
-1
-1
-1
-1
-1
-1
-1
-1
-1
-1
-1
-1
-1
-1
-1
-1
-1
-1
-1
-1
-1
-1
-1
-1
-1
-1
-1
-1
-1
-1
-1
-1
-1
-1
-1
-1
-1
-1
-1
-1
-1
-1
-1
-1
-1
-1
-1
-1
-1
-1
-1
-1
-1
-1
-1
-1
-1
-1
-1
-1
-1
-1
-1
-1
-1
-1
-1
-1
-1
-1
-1
-1
-1
-1
-1
-1
-1
-1
-1
-1
-1
-1
-1
-1
-1
-1
-1
-1
-1
-1
-1
-1
-1
-1
-1
-1
-1
-1
-1
-1
-1
-1
-1
-1
-1
-1
-1
-1
-1
-1
-1
-1
-1
-1
-1
-1
-1
-1
-1
-1
-1
-1
-1
-1
-1
-1
-1
-1
-1
-1
-1
-1
-1
-1
-1
-1
-1
-1
-1
-1
-1
-1
-1
-1
-1
-1
-1
-1
-1
-1
-1
-1
-1
-1
-1
-1
-1
-1
-1
-1
-1
-1
-1
-1
-1
-1
-1
-1
-1
-1
-1
-1
-1
-1
-1
-1
-1
-1
-1
-1
-1
-1
-1
-1
-1
-1
-1
-1
-1
-1
-1
-1
-1
-1
-1
-1
-1
-1
-1
-1
-1
-1
-1
-1
-1
-1
-1
-1
-1
-1
-1
-1
-1
-1
-1
-1
-1
-1
-1
-1
-1
-1
-1
-1
-1
-1
-1
-1
-1
-1
-1
-1
-1
-1
-1
-1
-1
-1
-1
-1
-1
-1
-1
-1
-1
-1
-1
-1
-1
-1
-1
-1
-1
-1
-1
-1
-1
-1
-1
-1
-1
-1
-1
-1
-1
-1
-1
-1
-1
-1
-1
-1
-1
-1
-1
-1
-1
-1
-1
-1
-1
-1
-1
-1
-1
-1
-1
-1
-1
-1
-1
-1
-1
-1
-1
-1
-1
-1
-1
-1
-1
-1
-1
-1
-1
-1
-1
-1
-1
-1
-1
-1
-1
-1
-1
-1
-1
-1
-1
-1
-1
-1
-1
-1
-1
-1
-1
-1
-1
-1
-1
-1
-1
-1
-1
-1
-1
-1
-1
-1
-1
-1
-1
-1
-1
-1
-1
-1
-1
-1
-1
-1
-1
-1
-1
-1
-1
-1
-1
-1
-1
-1
-1
-1
-1
-1
-1
-1
-1
-1
-1
-1
-1
-1
-1
-1
-1
-1
-1
-1
-1
-1
-1
-1
-1
-1
-1
-1
-1
-1
-1
-1
-1
-1
-1
-1
-1
-1
-1
-1
-1
-1
-1
-1
-1
-1
-1
-1
-1
-1
-1
-1
-1
-1
-1
-1
-1
-1
-1
-1
-1
-1
-1
-1
-1
-1
-1
-1
-1
-1
-1
-1
-1
-1
-1
-1
-1
-1
-1
-1
-1
-1
-1
-1
-1
-1
-1
-1
-1
-1
-1
-1
-1
-1
-1
-1
-1
-1
-1
-1
-1
-1
-1
-1
-1
-1
-1
-1
-1
-1
-1
-1
-1
-1
-1
-1
-1
-1
-1
-1
-1
-1
-1
-1
-1
-1
-1
-1
-1
-1
-1
-1
-1
-1
-1
-1
-1
-1
-1
-1
-1
-1
-1
-1
-1
-1
-1
-1
-1
-1
-1
-1
-1
-1
-1
-1
-1
-1
-1
-1
-1
-1
-1
-1
-1
-1
-1
-1
-1
-1
-1
-1
-1
-1
-1
-1
-1
-1
-1
-1
-1
-1
-1
-1
-1
-1
-1
-1
-1
-1
-1
-1
-1
-1
-1
-1
-1
-1
-1
-1
-1
-1
-1
-1
-1
-1
-1
-1
-1
-1
-1
-1
-1
-1
-1
-1
-1
-1
-1
-1
-1
-1
-1
-1
-1
-1
-1
-1
-1
-1
-1
-1
-1
-1
-1
-1
-1
-1
-1
-1
-1
-1
-1
-1
-1
-1
-1
-1
-1
-1
-1
-1
-1
-1
-1
-1
-1
-1
-1
-1
-1
-1
-1
-1
-1
-1
-1
-1
-1
-1
-1
-1
-1
-1
-1
-1
-1
-1
-1
-1
-1
-1
-1
-1
-1
-1
-1
-1
-1
-1
-1
-1
-1
-1
-1
-1
-1
-1
-1
-1
-1
-1
-1
-1
-1
-1
-1
-1
-1
-1
-1
-1
-1
-1
-1
-1
-1
-1
-1
-1
-1
-1
-1
-1
-1
-1
-1
-1
-1
-1
-1
-1
-1
-1
-1
-1
-1
-1
-1
-1
-1
-1
-1
-1
-1
-1
-1
-1
-1
-1
-1
-1
-1
-1
-1
-1
-1
-1
-1
-1
-1
-1
-1
-1
-1
-1
-1
-1
-1
-1
-1
-1
-1
-1
-1
-1
-1
-1
-1
-1
-1
-1
-1
-1
-1
-1
-1
-1
-1
-1
-1
-1
-1
-1
-1
-1
-1
-1
-1
-1
-1
-1
-1
-1
-1
-1
-1
-1
-1
-1
-1
-1
-1
-1
-1
-1
-1
-1
-1
-1
-1
-1
-1
-1
-1
-1
-1
-1
-1
-1
-1
-1
-1
-1
-1
-1
-1
-1
-1
-1
-1
-1
-1
-1
-1
-1
-1
-1
-1
-1
-1
-1
-1
-1
-1
-1
-1
-1
-1
-1
-1
-1
-1
-1
-1
-1
-1
-1
-1
-1
-1
-1
-1
-1
-1
-1
-1
-1
-1
-1
-1
-1
-1
-1
-1
-1
-1
-1
-1
-1
-1
-1
-1
-1
-1
-1
-1
-1
-1
-1
-1
-1
-1
-1
-1
-1
-1
-1
-1
-1
-1
-1
-1
-1
-1
-1
-1
-1
-1
-1
-1
-1
-1
-1
-1
-1
-1
-1
-1
-1
-1
-1
-1
-1
-1
-1
-1
-1
-1
-1
-1
-1
-1
-1
-1
-1
-1
-1
-1
-1
-1
-1
-1
-1
-1
-1
-1
-1
-1
-1
-1
-1
-1
-1
-1
-1
-1
-1
-1
-1
-1
-1
-1
-1
-1
-1
-1
-1
-1
-1
-1
-1
-1
-1
-1
-1
-1
-1
-1
-1
-1
-1
-1
-1
-1
-1
-1
-1
-1
-1
-1
-1
-1
-1
-1
-1
-1
-1
-1
-1
-1
-1
-1
-1
-1
-1
-1
-1
-1
-1
-1
-1
-1
-1
-1
-1
-1
-1
-1
-1
-1
-1
-1
-1
-1
-1
-1
-1
-1
-1
-1
-1
-1
-1
-1
-1
-1
-1
-1
-1
-1
-1
-1
-1
-1
-1
-1
-1
-1
-1
-1
-1
-1
-1
-1
-1
-1
-1
-1
-1
-1
-1
-1
-1
-1
-1
-1
-1
-1
-1
-1
-1
-1
-1
-1
-1
-1
-1
-1
-1
-1
-1
-1
-1
-1
-1
-1
-1
-1
-1
-1
-1
-1
-1
-1
-1
-1
-1
-1
-1
-1
-1
-1
-1
-1
-1
-1
-1
-1
-1
-1
-1
-1
-1
-1
-1
-1
-1
-1
-1
-1
-1
-1
-1
-1
-1
-1
-1
-1
-1
-1
-1
-1
-1
-1
-1
-1
-1
-1
-1
-1
-1
-1
-1
-1
-1
-1
-1
-1
-1
-1
-1
-1
-1
-1
-1
-1
-1
-1
-1
-1
-1
-1
-1
-1
-1
-1
-1
-1
-1
-1
-1
-1
-1
-1
-1
-1
-1
-1
-1
-1
-1
-1
-1
-1
-1
-1
-1
-1
-1
-1
-1
-1
-1
-1
-1
-1
-1
-1
-1
-1
-1
-1
-1
-1
-1
-1
-1
-1
-1
-1
-1
-1
-1
-1
-1
-1
-1
-1
-1
-1
-1
-1
-1
-1
-1
-1
-1
-1
-1
-1
-1
-1
-1
-1
-1
-1
-1
-1
-1
-1
-1
-1
-1
-1
-1
-1
-1
-1
-1
-1
-1
-1
-1
-1
-1
-1
-1
-1
-1
-1
-1
-1
-1
-1
-1
-1
-1
-1
-1
-1
-1
-1
-1
-1
-1
-1
-1
-1
-1
-1
-1
-1
-1
-1
-1
-1
-1
-1
-1
-1
-1
-1
-1
-1
-1
-1
-1
-1
-1
-1
-1
-1
-1
-1
-1
-1
-1
-1
-1
-1
-1
-1
-1
-1
-1
-1
-1
-1
-1
-1
-1
-1
-1
-1
-1
-1
-1
-1
-1
-1
-1
-1
-1
-1
-1
-1
-1
-1
-1
-1
-1
-1
-1
-1
-1
-1
-1
-1
-1
-1
-1
-1
-1
-1
-1
-1
-1
-1
-1
-1
-1
-1
-1
-1
-1
-1
-1
-1
-1
-1
-1
-1
-1
-1
-1
-1
-1
-1
-1
-1
-1
-1
-1
-1
-1
-1
-1
-1
-1
-1
-1
-1
-1
-1
-1
-1
-1
-1
-1
-1
-1
-1
-1
-1
-1
-1
-1
-1
-1
-1
-1
-1
-1
-1
-1
-1
-1
-1
-1
-1
-1
-1
-1
-1
-1
-1
-1
-1
-1
-1
-1
-1
-1
-1
-1
-1
-1
-1
-1
-1
-1
-1
-1
-1
-1
-1
-1
-1
-1
-1
-1
-1
-1
-1
-1
-1
-1
-1
-1
-1
-1
-1
-1
-1
-1
-1
-1
-1
-1
-1
-1
-1
-1
-1
-1
-1
-1
-1
-1
-1
-1
-1
-1
-1
-1
-1
-1
-1
-1
-1
-1
-1
-1
-1
-1
-1
-1
-1
-1
-1
-1
-1
-1
-1
-1
-1
-1
-1
-1
-1
-1
-1
-1
-1
-1
-1
-1
-1
-1
-1
-1
-1
-1
-1
-1
-1
-1
-1
-1
-1
-1
-1
-1
-1
-1
-1
-1
-1
-1
-1
-1
-1
-1
-1
-1
-1
-1
-1
-1
-1
-1
-1
-1
-1
-1
-1
-1
-1
-1
-1
-1
-1
-1
-1
-1
-1
-1
-1
-1
-1
-1
-1
-1
-1
-1
-1
-1
-1
-1
-1
-1
-1
-1
-1
-1
-1
-1
-1
-1
-1
-1
-1
-1
-1
-1
-1
-1
-1
-1
-1
-1
-1
-1
-1
-1
-1
-1
-1
-1
-1
-1
-1
-1
-1
-1
-1
-1
-1
-1
-1
-1
-1
-1
-1
-1
-1
-1
-1
-1
-1
-1
-1
-1
-1
-1
-1
-1
-1
-1
-1
-1
-1
-1
-1
-1
-1
-1
-1
-1
-1
-1
-1
-1
-1
-1
-1
-1
-1
-1
-1
-1
-1
-1
-1
-1
-1
-1
-1
-1
-1
-1
-1
-1
-1
-1
-1
-1
-1
-1
-1
-1
-1
-1
-1
-1
-1
-1
-1
-1
-1
-1
-1
-1
-1
-1
-1
-1
-1
-1
-1
-1
-1
-1
-1
-1
-1
-1
-1
-1
-1
-1
-1
-1
-1
-1
-1
-1
-1
-1
-1
-1
-1
-1
-1
-1
-1
-1
-1
-1
-1
-1
-1
-1
-1
-1
-1
-1
-1
-1
-1
-1
-1
-1
-1
-1
-1
-1
-1
-1
-1
-1
-1
-1
-1
-1
-1
-1
-1
-1
-1
-1
-1
-1
-1
-1
-1
-1
-1
-1
-1
-1
-1
-1
-1
-1
-1
-1
-1
-1
-1
-1
-1
-1
-1
-1
-1
-1
-1
-1
-1
-1
-1
-1
-1
-1
-1
-1
-1
-1
-1
-1
-1
-1
-1
-1
-1
-1
-1
-1
-1
-1
-1
-1
-1
-1
-1
-1
-1
-1
-1
-1
-1
-1
-1
-1
-1
-1
-1
-1
-1
-1
-1
-1
-1
-1
-1
-1
-1
-1
-1
-1
-1
-1
-1
-1
-1
-1
-1
-1
-1
-1
-1
-1
-1
-1
-1
-1
-1
-1
-1
-1
-1
-1
-1
-1
-1
-1
-1
-1
-1
-1
-1
-1
-1
-1
-1
-1
-1
-1
-1
-1
-1
-1
-1
-1
-1
-1
-1
-1
-1
-1
-1
-1
-1
-1
-1
-1
-1
-1
-1
-1
-1
-1
-1
-1
-1
-1
-1
-1
-1
-1
-1
-1
-1
-1
-1
-1
-1
-1
-1
-1
-1
-1
-1
-1
-1
-1
-1
-1
-1
-1
-1
-1
-1
-1
-1
-1
-1
-1
-1
-1
-1
-1
-1
-1
-1
-1
-1
-1
-1
-1
-1
-1
-1
-1
-1
-1
-1
-1
-1
-1
-1
-1
-1
-1
-1
-1
-1
-1
-1
-1
-1
-1
-1
-1
-1
-1
-1
-1
-1
-1
-1
-1
-1
-1
-1
-1
-1
-1
-1
-1
-1
-1
-1
-1
-1
-1
-1
-1
-1
-1
-1
-1
-1
-1
-1
-1
-1
-1
-1
-1
-1
-1
-1
-1
-1
-1
-1
-1
-1
-1
-1
-1
-1
-1
-1
-1
-1
-1
-1
-1
-1
-1
-1
-1
-1
-1
-1
-1
-1
-1
-1
-1
-1
-1
-1
-1
-1
-1
-1
-1
-1
-1
-1
-1
-1
-1
-1
-1
-1
-1
-1
-1
-1
-1
-1
-1
-1
-1
-1
-1
-1
-1
-1
-1
-1
-1
-1
-1
-1
-1
-1
-1
-1
-1
-1
-1
-1
-1
-1
-1
-1
-1
-1
-1
-1
-1
-1
-1
-1
-1
-1
-1
-1
-1
-1
-1
-1
-1
-1
-1
-1
-1
-1
-1
-1
-1
-1
-1
-1
-1
-1
-1
-1
-1
-1
-1
-1
-1
-1
-1
-1
-1
-1
-1
-1
-1
-1
-1
-1
-1
-1
-1
-1
-1
-1
-1
-1
-1
-1
-1
-1
-1
-1
-1
-1
-1
-1
-1
-1
-1
-1
-1
-1
-1
-1
-1
-1
-1
-1
-1
-1
-1
-1
-1
-1
-1
-1
-1
-1
-1
-1
-1
-1
-1
-1
-1
-1
-1
-1
-1
-1
-1
-1
-1
-1
-1
-1
-1
-1
-1
-1
-1
-1
-1
-1
-1
-1
-1
-1
-1
-1
-1
-1
-1
-1
-1
-1
-1
-1
-1
-1
-1
-1
-1
-1
-1
-1
-1
-1
-1
-1
-1
-1
-1
-1
-1
-1
-1
-1
-1
-1
-1
-1
-1
-1
-1
-1
-1
-1
-1
-1
-1
-1
-1
-1
-1
-1
-1
-1
-1
-1
-1
-1
-1
-1
-1
-1
-1
-1
-1
-1
-1
-1
-1
-1
-1
-1
-1
-1
-1
-1
-1
-1
-1
-1
-1
-1
-1
-1
-1
-1
-1
-1
-1
-1
-1
-1
-1
-1
-1
-1
-1
-1
-1
-1
-1
-1
-1
-1
-1
-1
-1
-1
-1
-1
-1
-1
-1
-1
-1
-1
-1
-1
-1
-1
-1
-1
-1
-1
-1
-1
-1
-1
-1
-1
-1
-1
-1
-1
-1
-1
-1
-1
-1
-1
-1
-1
-1
-1
-1
-1
-1
-1
-1
-1
-1
-1
-1
-1
-1
-1
-1
-1
-1
-1
-1
-1
-1
-1
-1
-1
-1
-1
-1
-1
-1
-1
-1
-1
-1
-1
-1
-1
-1
-1
-1
-1
-1
-1
-1
-1
-1
-1
-1
-1
-1
-1
-1
-1
-1
-1
-1
-1
-1
-1
-1
-1
-1
-1
-1
-1
-1
-1
-1
-1
-1
-1
-1
-1
-1
-1
-1
-1
-1
-1
-1
-1
-1
-1
-1
-1
-1
-1
-1
-1
-1
-1
-1
-1
-1
-1
-1
-1
-1
-1
-1
-1
-1
-1
-1
-1
-1
-1
-1
-1
-1
-1
-1
-1
-1
-1
-1
-1
-1
-1
-1
-1
-1
-1
-1
-1
-1
-1
-1
-1
-1
-1
-1
-1
-1
-1
-1
-1
-1
-1
-1
-1
-1
-1
-1
-1
-1
-1
-1
-1
-1
-1
-1
-1
-1
-1
-1
-1
-1
-1
-1
-1
-1
-1
-1
-1
-1
-1
-1
-1
-1
-1
-1
-1
-1
-1
-1
-1
-1
-1
-1
-1
-1
-1
-1
-1
-1
-1
-1
-1
-1
-1
-1
-1
-1
-1
-1
-1
-1
-1
-1
-1
-1
-1
-1
-1
-1
-1
-1
-1
-1
-1
-1
-1
-1
-1
-1
-1
-1
-1
-1
-1
-1
-1
-1
-1
-1
-1
-1
-1
-1
-1
-1
-1
-1
-1
-1
-1
-1
-1
-1
-1
-1
-1
-1
-1
-1
-1
-1
-1
-1
-1
-1
-1
-1
-1
-1
-1
-1
-1
-1
-1
-1
-1
-1
-1
-1
-1
-1
-1
-1
-1
-1
-1
-1
-1
-1
-1
-1
-1
-1
-1
-1
-1
-1
-1
-1
-1
-1
-1
-1
-1
-1
-1
-1
-1
-1
-1
-1
-1
-1
-1
-1
-1
-1
-1
-1
-1
-1
-1
-1
-1
-1
-1
-1
-1
-1
-1
-1
-1
-1
-1
-1
-1
-1
-1
-1
-1
-1
-1
-1
-1
-1
-1
-1
-1
-1
-1
-1
-1
-1
-1
-1
-1
-1
-1
-1
-1
-1
-1
-1
-1
-1
-1
-1
-1
-1
-1
-1
-1
-1
-1
-1
-1
-1
-1
-1
-1
-1
-1
-1
-1
-1
-1
-1
-1
-1
-1
-1
-1
-1
-1
-1
-1
-1
-1
-1
-1
-1
-1
-1
-1
-1
-1
-1
-1
-1
-1
-1
-1
-1
-1
-1
-1
-1
-1
-1
-1
-1
-1
-1
-1
-1
-1
-1
-1
-1
-1
-1
-1
-1
-1
-1
-1
-1
-1
-1
-1
-1
-1
-1
-1
-1
-1
-1
-1
-1
-1
-1
-1
-1
-1
-1
-1
-1
-1
-1
-1
-1
-1
-1
-1
-1
-1
-1
-1
-1
-1
-1
-1
-1
-1
-1
-1
-1
-1
-1
-1
-1
-1
-1
-1
-1
-1
-1
-1
-1
-1
-1
-1
-1
-1
-1
-1
-1
-1
-1
-1
-1
-1
-1
-1
-1
-1
-1
-1
-1
-1
-1
-1
-1
-1
-1
-1
-1
-1
-1
-1
-1
-1
-1
-1
-1
-1
-1
-1
-1
-1
-1
-1
-1
-1
-1
-1
-1
-1
-1
-1
-1
-1
-1
-1
-1
-1
-1
-1
-1
-1
-1
-1
-1
-1
-1
-1
-1
-1
-1
-1
-1
-1
-1
-1
-1
-1
-1
-1
-1
-1
-1
-1
-1
-1
-1
-1
-1
-1
-1
-1
-1
-1
-1
-1
-1
-1
-1
-1
-1
-1
-1
-1
-1
-1
-1
-1
-1
-1
-1
-1
-1
-1
-1
-1
-1
-1
-1
-1
-1
-1
-1
-1
-1
-1
-1
-1
-1
-1
-1
-1
-1
-1
-1
-1
-1
-1
-1
-1
-1
-1
-1
-1
-1
-1
-1
-1
-1
-1
-1
-1
-1
-1
-1
-1
-1
-1
-1
-1
-1
-1
-1
-1
-1
-1
-1
-1
-1
-1
-1
-1
-1
-1
-1
-1
-1
-1
-1
-1
-1
-1
-1
-1
-1
-1
-1
-1
-1
-1
-1
-1
-1
-1
-1
-1
-1
-1
-1
-1
-1
-1
-1
-1
-1
-1
-1
-1
-1
-1
-1
-1
-1
-1
-1
-1
-1
-1
-1
-1
-1
-1
-1
-1
-1
-1
-1
-1
-1
-1
-1
-1
-1
-1
-1
-1
-1
-1
-1
-1
-1
-1
-1
-1
-1
-1
-1
-1
-1
-1
-1
-1
-1
-1
-1
-1
-1
-1
-1
-1
-1
-1
-1
-1
-1
-1
-1
-1
-1
-1
-1
-1
-1
-1
-1
-1
-1
-1
-1
-1
-1
-1
-1
-1
-1
-1
-1
-1
-1
-1
-1
-1
-1
-1
-1
-1
-1
-1
-1
-1
-1
-1
-1
-1
-1
-1
-1
-1
-1
-1
-1
-1
-1
-1
-1
-1
-1
-1
-1
-1
-1
-1
-1
-1
-1
-1
-1
-1
-1
-1
-1
-1
-1
-1
-1
-1
-1
-1
-1
-1
-1
-1
-1
-1
-1
-1
-1
-1
-1
-1
-1
-1
-1
-1
-1
-1
-1
-1
-1
-1
-1
-1
-1
-1
-1
-1
-1
-1
-1
-1
-1
-1
-1
-1
-1
-1
-1
-1
-1
-1
-1
-1
-1
-1
-1
-1
-1
-1
-1
-1
-1
-1
-1
-1
-1
-1
-1
-1
-1
-1
-1
-1
-1
-1
-1
-1
-1
-1
-1
-1
-1
-1
-1
-1
-1
-1
-1
-1
-1
-1
-1
-1
-1
-1
-1
-1
-1
-1
-1
-1
-1
-1
-1
-1
-1
-1
-1
-1
-1
-1
-1
-1
-1
-1
-1
-1
-1
-1
-1
-1
-1
-1
-1
-1
-1
-1
-1
-1
-1
-1
-1
-1
-1
-1
-1
-1
-1
-1
-1
-1
-1
-1
-1
-1
-1
-1
-1
-1
-1
-1
-1
-1
-1
-1
-1
-1
-1
-1
-1
-1
-1
-1
-1
-1
-1
-1
-1
-1
-1
-1
-1
-1
-1
-1
-1
-1
-1
-1
-1
-1
-1
-1
-1
-1
-1
-1
-1
-1
-1
-1
-1
-1
-1
-1
-1
-1
-1
-1
-1
-1
-1
-1
-1
-1
-1
-1
-1
-1
-1
-1
-1
-1
-1
-1
-1
-1
-1
-1
-1
-1
-1
-1
-1
-1
-1
-1
-1
-1
-1
-1
-1
-1
-1
-1
-1
-1
-1
-1
-1
-1
-1
-1
-1
-1
-1
-1
-1
-1
-1
-1
-1
-1
-1
-1
-1
-1
-1
-1
-1
-1
-1
-1
-1
-1
-1
-1
-1
-1
-1
-1
-1
-1
-1
-1
-1
-1
-1
-1
-1
-1
-1
-1
-1
-1
-1
-1
-1
-1
-1
-1
-1
-1
-1
-1
-1
-1
-1
-1
-1
-1
-1
-1
-1
-1
-1
-1
-1
-1
-1
-1
-1
-1
-1
-1
-1
-1
-1
-1
-1
-1
-1
-1
-1
-1
-1
-1
-1
-1
-1
-1
-1
-1
-1
-1
-1
-1
-1
-1
-1
-1
-1
-1
-1
-1
-1
-1
-1
-1
-1
-1
-1
-1
-1
-1
-1
-1
-1
-1
-1
-1
-1
-1
-1
-1
-1
-1
-1
-1
-1
-1
-1
-1
-1
-1
-1
-1
-1
-1
-1
-1
-1
-1
-1
-1
-1
-1
-1
-1
-1
-1
-1
-1
-1
-1
-1
-1
-1
-1
-1
-1
-1
-1
-1
-1
-1
-1
-1
-1
-1
-1
-1
-1
-1
-1
-1
-1
-1
-1
-1
-1
-1
-1
-1
-1
-1
-1
-1
-1
-1
-1
-1
-1
-1
-1
-1
-1
-1
-1
-1
-1
-1
-1
-1
-1
-1
-1
-1
-1
-1
-1
-1
-1
-1
-1
-1
-1
-1
-1
-1
-1
-1
-1
-1
-1
-1
-1
-1
-1
-1
-1
-1
-1
-1
-1
-1
-1
-1
-1
-1
-1
-1
-1
-1
-1
-1
-1
-1
-1
-1
-1
-1
-1
-1
-1
-1
-1
-1
-1
-1
-1
-1
-1
-1
-1
-1
-1
-1
-1
-1
-1
-1
-1
-1
-1
-1
-1
-1
-1
-1
-1
-1
-1
-1
-1
-1
-1
-1
-1
-1
-1
-1
-1
-1
-1
-1
-1
-1
-1
-1
-1
-1
-1
-1
-1
-1
-1
-1
-1
-1
-1
-1
-1
-1
-1
-1
-1
-1
-1
-1
-1
-1
-1
-1
-1
-1
-1
-1
-1
-1
-1
-1
-1
-1
-1
-1
-1
-1
-1
-1
-1
-1
-1
-1
-1
-1
-1
-1
-1
-1
-1
-1
-1
-1
-1
-1
-1
-1
-1
-1
-1
-1
-1
-1
-1
-1
-1
-1
-1
-1
-1
-1
-1
-1
-1
-1
-1
-1
-1
-1
-1
-1
-1
-1
-1
-1
-1
-1
-1
-1
-1
-1
-1
-1
-1
-1
-1
-1
-1
-1
-1
-1
-1
-1
-1
-1
-1
-1
-1
-1
-1
-1
-1
-1
-1
-1
-1
-1
-1
-1
-1
-1
-1
-1
-1
-1
-1
-1
-1
-1
-1
-1
-1
-1
-1
-1
-1
-1
-1
-1
-1
-1
-1
-1
-1
-1
-1
-1
-1
-1
-1
-1
-1
-1
-1
-1
-1
-1
-1
-1
-1
-1
-1
-1
-1
-1
-1
-1
-1
-1
-1
-1
-1
-1
-1
-1
-1
-1
-1
-1
-1
-1
-1
-1
-1
-1
-1
-1
-1
-1
-1
-1
-1
-1
-1
-1
-1
-1
-1
-1
-1
-1
-1
-1
-1
-1
-1
-1
-1
-1
-1
-1
-1
-1
-1
-1
-1
-1
-1
-1
-1
-1
-1
-1
-1
-1
-1
-1
-1
-1
-1
-1
-1
-1
-1
-1
-1
-1
-1
-1
-1
-1
-1
-1
-1
-1
-1
-1
-1
-1
-1
-1
-1
-1
-1
-1
-1
-1
-1
-1
-1
-1
-1
-1
-1
-1
-1
-1
-1
-1
-1
-1
-1
-1
-1
-1
-1
-1
-1
-1
-1
-1
-1
-1
-1
-1
-1
-1
-1
-1
-1
-1
-1
-1
-1
-1
-1
-1
-1
-1
-1
-1
-1
-1
-1
-1
-1
-1
-1
-1
-1
-1
-1
-1
-1
-1
-1
-1
-1
-1
-1
-1
-1
-1
-1
-1
-1
-1
-1
-1
-1
-1
-1
-1
-1
-1
-1
-1
-1
-1
-1
-1
-1
-1
-1
-1
-1
-1
-1
-1
-1
-1
-1
-1
-1
-1
-1
-1
-1
-1
-1
-1
-1
-1
-1
-1
-1
-1
-1
-1
-1
-1
-1
-1
-1
-1
-1
-1
-1
-1
-1
-1
-1
-1
-1
-1
-1
-1
-1
-1
-1
-1
-1
-1
-1
-1
-1
-1
-1
-1
-1
-1
-1
-1
-1
-1
-1
-1
-1
-1
-1
-1
-1
-1
-1
-1
-1
-1
-1
-1
-1
-1
-1
-1
-1
-1
-1
-1
-1
-1
-1
-1
-1
-1
-1
-1
-1
-1
-1
-1
-1
-1
-1
-1
-1
-1
-1
-1
-1
-1
-1
-1
-1
-1
-1
-1
-1
-1
-1
-1
-1
-1
-1
-1
-1
-1
-1
-1
-1
-1
-1
-1
-1
-1
-1
-1
-1
-1
-1
-1
-1
-1
-1
-1
-1
-1
-1
-1
-1
-1
-1
-1
-1
-1
-1
-1
-1
-1
-1
-1
-1
-1
-1
-1
-1
-1
-1
-1
-1
-1
-1
-1
-1
-1
-1
-1
-1
-1
-1
-1
-1
-1
-1
-1
-1
-1
-1
-1
-1
-1
-1
-1
-1
-1
-1
-1
-1
-1
-1
-1
-1
-1
-1
-1
-1
-1
-1
-1
-1
-1
-1
-1
-1
-1
-1
-1
-1
-1
-1
-1
-1
-1
-1
-1
-1
-1
-1
-1
-1
-1
-1
-1
-1
-1
-1
-1
-1
-1
-1
-1
-1
-1
-1
-1
-1
-1
-1
-1
-1
-1
-1
-1
-1
-1
-1
-1
-1
-1
-1
-1
-1
-1
-1
-1
-1
-1
-1
-1
-1
-1
-1
-1
-1
-1
-1
-1
-1
-1
-1
-1
-1
-1
-1
-1
-1
-1
-1
-1
-1
-1
-1
-1
-1
-1
-1
-1
-1
-1
-1
-1
-1
-1
-1
-1
-1
-1
-1
-1
-1
-1
-1
-1
-1
-1
-1
-1
-1
-1
-1
-1
-1
-1
-1
-1
-1
-1
-1
-1
-1
-1
-1
-1
-1
-1
-1
-1
-1
-1
-1
-1
-1
-1
-1
-1
-1
-1
-1
-1
-1
-1
-1
-1
-1
-1
-1
-1
-1
-1
-1
-1
-1
-1
-1
-1
-1
-1
-1
-1
-1
-1
-1
-1
-1
-1
-1
-1
-1
-1
-1
-1
-1
-1
-1
-1
-1
-1
-1
-1
-1
-1
-1
-1
-1
-1
-1
-1
-1
-1
-1
-1
-1
-1
-1
-1
-1
-1
-1
-1
-1
-1
-1
-1
-1
-1
-1
-1
-1
-1
-1
-1
-1
-1
-1
-1
-1
-1
-1
-1
-1
-1
-1
-1
-1
-1
-1
-1
-1
-1
-1
-1
-1
-1
-1
-1
-1
-1
-1
-1
-1
-1
-1
-1
-1
-1
-1
-1
-1
-1
-1
-1
-1
-1
-1
-1
-1
-1
-1
-1
-1
-1
-1
-1
-1
-1
-1
-1
-1
-1
-1
-1
-1
-1
-1
-1
-1
-1
-1
-1
-1
-1
-1
-1
-1
-1
-1
-1
-1
-1
-1
-1
-1
-1
-1
-1
-1
-1
-1
-1
-1
-1
-1
-1
-1
-1
-1
-1
-1
-1
-1
-1
-1
-1
-1
-1
-1
-1
-1
-1
-1
-1
-1
-1
-1
-1
-1
-1
-1
-1
-1
-1
-1
-1
-1
-1
-1
-1
-1
-1
-1
-1
-1
-1
-1
-1
-1
-1
-1
-1
-1
-1
-1
-1
-1
-1
-1
-1
-1
-1
-1
-1
-1
-1
-1
-1
-1
-1
-1
-1
-1
-1
-1
-1
-1
-1
-1
-1
-1
-1
-1
-1
-1
-1
-1
-1
-1
-1
-1
-1
-1
-1
-1
-1
-1
-1
-1
-1
-1
-1
-1
-1
-1
-1
-1
-1
-1
-1
-1
-1
-1
-1
-1
-1
-1
-1
-1
-1
-1
-1
-1
-1
-1
-1
-1
-1
-1
-1
-1
-1
-1
-1
-1
-1
-1
-1
-1
-1
-1
-1
-1
-1
-1
-1
-1
-1
-1
-1
-1
-1
-1
-1
-1
-1
-1
-1
-1
-1
-1
-1
-1
-1
-1
-1
-1
-1
-1
-1
-1
-1
-1
-1
-1
-1
-1
-1
-1
-1
-1
-1
-1
-1
-1
-1
-1
-1
-1
-1
-1
-1
-1
-1
-1
-1
-1
-1
-1
-1
-1
-1
-1
-1
-1
-1
-1
-1
-1
-1
-1
-1
-1
-1
-1
-1
-1
-1
-1
-1
-1
-1
-1
-1
-1
-1
-1
-1
-1
-1
-1
-1
-1
-1
-1
-1
-1
-1
-1
-1
-1
-1
-1
-1
-1
-1
-1
-1
-1
-1
-1
-1
-1
-1
-1
-1
-1
-1
-1
-1
-1
-1
-1
-1
-1
-1
-1
-1
-1
-1
-1
-1
-1
-1
-1
-1
-1
-1
-1
-1
-1
-1
-1
-1
-1
-1
-1
-1
-1
-1
-1
-1
-1
-1
-1
-1
-1
-1
-1
-1
-1
-1
-1
-1
-1
-1
-1
-1
-1
-1
-1
-1
-1
-1
-1
-1
-1
-1
-1
-1
-1
-1
-1
-1
-1
-1
-1
-1
-1
-1
-1
-1
-1
-1
-1
-1
-1
-1
-1
-1
-1
-1
-1
-1
-1
-1
-1
-1
-1
-1
-1
-1
-1
-1
-1
-1
-1
-1
-1
-1
-1
-1
-1
-1
-1
-1
-1
-1
-1
-1
-1
-1
-1
-1
-1
-1
-1
-1
-1
-1
-1
-1
-1
-1
-1
-1
-1
-1
-1
-1
-1
-1
-1
-1
-1
-1
-1
-1
-1
-1
-1
-1
-1
-1
-1
-1
-1
-1
-1
-1
-1
-1
-1
-1
-1
-1
-1
-1
-1
-1
-1
-1
-1
-1
-1
-1
-1
-1
-1
-1
-1
-1
-1
-1
-1
-1
-1
-1
-1
-1
-1
-1
-1
-1
-1
-1
-1
-1
-1
-1
-1
-1
-1
-1
-1
-1
-1
-1
-1
-1
-1
-1
-1
-1
-1
-1
-1
-1
-1
-1
-1
-1
-1
-1
-1
-1
-1
-1
-1
-1
-1
-1
-1
-1
-1
-1
-1
-1
-1
-1
-1
-1
-1
-1
-1
-1
-1
-1
-1
-1
-1
-1
-1
-1
-1
-1
-1
-1
-1
-1
-1
-1
-1
-1
-1
-1
-1
-1
-1
-1
-1
-1
-1
-1
-1
-1
-1
-1
-1
-1
-1
-1
-1
-1
-1
-1
-1
-1
-1
-1
-1
-1
-1
-1
-1
-1
-1
-1
-1
-1
-1
-1
-1
-1
-1
-1
-1
-1
-1
-1
-1
-1
-1
-1
-1
-1
-1
-1
-1
-1
-1
-1
-1
-1
-1
-1
-1
-1
-1
-1
-1
-1
-1
-1
-1
-1
-1
-1
-1
-1
-1
-1
-1
-1
-1
-1
-1
-1
-1
-1
-1
-1
-1
-1
-1
-1
-1
-1
-1
-1
-1
-1
-1
-1
-1
-1
-1
-1
-1
-1
-1
-1
-1
-1
-1
-1
-1
-1
-1
-1
-1
-1
-1
-1
-1
-1
-1
-1
-1
-1
-1
-1
-1
-1
-1
-1
-1
-1
-1
-1
-1
-1
-1
-1
-1
-1
-1
-1
-1
-1
-1
-1
-1
-1
-1
-1
-1
-1
-1
-1
-1
-1
-1
-1
-1
-1
-1
-1
-1
-1
-1
-1
-1
-1
-1
-1
-1
-1
-1
-1
-1
-1
-1
-1
-1
-1
-1
-1
-1
-1
-1
-1
-1
-1
-1
-1
-1
-1
-1
-1
-1
-1
-1
-1
-1
-1
-1
-1
-1
-1
-1
-1
-1
-1
-1
-1
-1
-1
-1
-1
-1
-1
-1
-1
-1
-1
-1
-1
-1
-1
-1
-1
-1
-1
-1
-1
-1
-1
-1
-1
-1
-1
-1
-1
-1
-1
-1
-1
-1
-1
-1
-1
-1
-1
-1
-1
-1
-1
-1
-1
-1
-1
-1
-1
-1
-1
-1
-1
-1
-1
-1
-1
-1
-1
-1
-1
-1
-1
-1
-1
-1
-1
-1
-1
-1
-1
-1
-1
-1
-1
-1
-1
-1
-1
-1
-1
-1
-1
-1
-1
-1
-1
-1
-1
-1
-1
-1
-1
-1
-1
-1
-1
-1
-1
-1
-1
-1
-1
-1
-1
-1
-1
-1
-1
-1
-1
-1
-1
-1
-1
-1
-1
-1
-1
-1
-1
-1
-1
-1
-1
-1
-1
-1
-1
-1
-1
-1
-1
-1
-1
-1
-1
-1
-1
-1
-1
-1
-1
-1
-1
-1
-1
-1
-1
-1
-1
-1
-1
-1
-1
-1
-1
-1
-1
-1
-1
-1
-1
-1
-1
-1
-1
-1
-1
-1
-1
-1
-1
-1
-1
-1
-1
-1
-1
-1
-1
-1
-1
-1
-1
-1
-1
-1
-1
-1
-1
-1
-1
-1
-1
-1
-1
-1
-1
-1
-1
-1
-1
-1
-1
-1
-1
-1
-1
-1
-1
-1
-1
-1
-1
-1
-1
-1
-1
-1
-1
-1
-1
-1
-1
-1
-1
-1
-1
-1
-1
-1
-1
-1
-1
-1
-1
-1
-1
-1
-1
-1
-1
-1
-1
-1
-1
-1
-1
-1
-1
-1
-1
-1
-1
-1
-1
-1
-1
-1
-1
-1
-1
-1
-1
-1
-1
-1
-1
-1
-1
-1
-1
-1
-1
-1
-1
-1
-1
-1
-1
-1
-1
-1
-1
-1
-1
-1
-1
-1
-1
-1
-1
-1
-1
-1
-1
-1
-1
-1
-1
-1
-1
-1
-1
-1
-1
-1
-1
-1
-1
-1
-1
-1
-1
-1
-1
-1
-1
-1
-1
-1
-1
-1
-1
-1
-1
-1
-1
-1
-1
-1
-1
-1
-1
-1
-1
-1
-1
-1
-1
-1
-1
-1
-1
-1
-1
-1
-1
-1
-1
-1
-1
-1
-1
-1
-1
-1
-1
-1
-1
-1
-1
-1
-1
-1
-1
-1
-1
-1
-1
-1
-1
-1
-1
-1
-1
-1
-1
-1
-1
-1
-1
-1
-1
-1
-1
-1
-1
-1
-1
-1
-1
-1
-1
-1
-1
-1
-1
-1
-1
-1
-1
-1
-1
-1
-1
-1
-1
-1
-1
-1
-1
-1
-1
-1
-1
-1
-1
-1
-1
-1
-1
-1
-1
-1
-1
-1
-1
-1
-1
-1
-1
-1
-1
-1
-1
-1
-1
-1
-1
-1
-1
-1
-1
-1
-1
-1
-1
-1
-1
-1
-1
-1
-1
-1
-1
-1
-1
-1
-1
-1
-1
-1
-1
-1
-1
-1
-1
-1
-1
-1
-1
-1
-1
-1
-1
-1
-1
-1
-1
-1
-1
-1
-1
-1
-1
-1
-1
-1
-1
-1
-1
-1
-1
-1
-1
-1
-1
-1
-1
-1
-1
-1
-1
-1
-1
-1
-1
-1
-1
-1
-1
-1
-1
-1
-1
-1
-1
-1
-1
-1
-1
-1
-1
-1
-1
-1
-1
-1
-1
-1
-1
-1
-1
-1
-1
-1
-1
-1
-1
-1
-1
-1
-1
-1
-1
-1
-1
-1
-1
-1
-1
-1
-1
-1
-1
-1
-1
-1
-1
-1
-1
-1
-1
-1
-1
-1
-1
-1
-1
-1
-1
-1
-1
-1
-1
-1
-1
-1
-1
-1
-1
-1
-1
-1
-1
-1
-1
-1
-1
-1
-1
-1
-1
-1
-1
-1
-1
-1
-1
-1
-1
-1
-1
-1
-1
-1
-1
-1
-1
-1
-1
-1
-1
-1
-1
-1
-1
-1
-1
-1
-1
-1
-1
-1
-1
-1
-1
-1
-1
-1
-1
-1
-1
-1
-1
-1
-1
-1
-1
-1
-1
-1
-1
-1
-1
-1
-1
-1
-1
-1
-1
-1
-1
-1
-1
-1
-1
-1
-1
-1
-1
-1
-1
-1
-1
-1
-1
-1
-1
-1
-1
-1
-1
-1
-1
-1
-1
-1
-1
-1
-1
-1
-1
-1
-1
-1
-1
-1
-1
-1
-1
-1
-1
-1
-1
-1
-1
-1
-1
-1
-1
-1
-1
-1
-1
-1
-1
-1
-1
-1
-1
-1
-1
-1
-1
-1
-1
-1
-1
-1
-1
-1
-1
-1
-1
-1
-1
-1
-1
-1
-1
-1
-1
-1
-1
-1
-1
-1
-1
-1
-1
-1
-1
-1
-1
-1
-1
-1
-1
-1
-1
-1
-1
-1
-1
-1
-1
-1
-1
-1
-1
-1
-1
-1
-1
-1
-1
-1
-1
-1
-1
-1
-1
-1
-1
-1
-1
-1
-1
-1
-1
-1
-1
-1
-1
-1
-1
-1
-1
-1
-1
-1
-1
-1
-1
-1
-1
-1
-1
-1
-1
-1
-1
-1
-1
-1
-1
-1
-1
-1
-1
-1
-1
-1
-1
-1
-1
-1
-1
-1
-1
-1
-1
-1
-1
-1
-1
-1
-1
-1
-1
-1
-1
-1
-1
-1
-1
-1
-1
-1
-1
-1
-1
-1
-1
-1
-1
-1
-1
-1
-1
-1
-1
-1
-1
-1
-1
-1
-1
-1
-1
-1
-1
-1
-1
-1
-1
-1
-1
-1
-1
-1
-1
-1
-1
-1
-1
-1
-1
-1
-1
-1
-1
-1
-1
-1
-1
-1
-1
-1
-1
-1
-1
-1
-1
-1
-1
-1
-1
-1
-1
-1
-1
-1
-1
-1
-1
-1
-1
-1
-1
-1
-1
-1
-1
-1
-1
-1
-1
-1
-1
-1
-1
-1
-1
-1
-1
-1
-1
-1
-1
-1
-1
-1
-1
-1
-1
-1
-1
-1
-1
-1
-1
-1
-1
-1
-1
-1
-1
-1
-1
-1
-1
-1
-1
-1
-1
-1
-1
-1
-1
-1
-1
-1
-1
-1
-1
-1
-1
-1
-1
-1
-1
-1
-1
-1
-1
-1
-1
-1
-1
-1
-1
-1
-1
-1
-1
-1
-1
-1
-1
-1
-1
-1
-1
-1
-1
-1
-1
-1
-1
-1
-1
-1
-1
-1
-1
-1
-1
-1
-1
-1
-1
-1
-1
-1
-1
-1
-1
-1
-1
-1
-1
-1
-1
-1
-1
-1
-1
-1
-1
-1
-1
-1
-1
-1
-1
-1
-1
-1
-1
-1
-1
-1
-1
-1
-1
-1
-1
-1
-1
-1
-1
-1
-1
-1
-1
-1
-1
-1
-1
-1
-1
-1
-1
-1
-1
-1
-1
-1
-1
-1
-1
-1
-1
-1
-1
-1
-1
-1
-1
-1
-1
-1
-1
-1
-1
-1
-1
-1
-1
-1
-1
-1
-1
-1
-1
-1
-1
-1
-1
-1
-1
-1
-1
-1
-1
-1
-1
-1
-1
-1
-1
-1
-1
-1
-1
-1
-1
-1
-1
-1
-1
-1
-1
-1
-1
-1
-1
-1
-1
-1
-1
-1
-1
-1
-1
-1
-1
-1
-1
-1
-1
-1
-1
-1
-1
-1
-1
-1
-1
-1
-1
-1
-1
-1
-1
-1
-1
-1
-1
-1
-1
-1
-1
-1
-1
-1
-1
-1
-1
-1
-1
-1
-1
-1
-1
-1
-1
-1
-1
-1
-1
-1
-1
-1
-1
-1
-1
-1
-1
-1
-1
-1
-1
-1
-1
-1
-1
-1
-1
-1
-1
-1
-1
-1
-1
-1
-1
-1
-1
-1
-1
-1
-1
-1
-1
-1
-1
-1
-1
-1
-1
-1
-1
-1
-1
-1
-1
-1
-1
-1
-1
-1
-1
-1
-1
-1
-1
-1
-1
-1
-1
-1
-1
-1
-1
-1
-1
-1
-1
-1
-1
-1
-1
-1
-1
-1
-1
-1
-1
-1
-1
-1
-1
-1
-1
-1
-1
-1
-1
-1
-1
-1
-1
-1
-1
-1
-1
-1
-1
-1
-1
-1
-1
-1
-1
-1
-1
-1
-1
-1
-1
-1
-1
-1
-1
-1
-1
-1
-1
-1
-1
-1
-1
-1
-1
-1
-1
-1
-1
-1
-1
-1
-1
-1
-1
-1
-1
-1
-1
-1
-1
-1
-1
-1
-1
-1
-1
-1
-1
-1
-1
-1
-1
-1
-1
-1
-1
-1
-1
-1
-1
-1
-1
-1
-1
-1
-1
-1
-1
-1
-1
-1
-1
-1
-1
-1
-1
-1
-1
-1
-1
-1
-1
-1
-1
-1
-1
-1
-1
-1
-1
-1
-1
-1
-1
-1
-1
-1
-1
-1
-1
-1
-1
-1
-1
-1
-1
-1
-1
-1
-1
-1
-1
-1
-1
-1
-1
-1
-1
-1
-1
-1
-1
-1
-1
-1
-1
-1
-1
-1
-1
-1
-1
-1
-1
-1
-1
-1
-1
-1
-1
-1
-1
-1
-1
-1
-1
-1
-1
-1
-1
-1
-1
-1
-1
-1
-1
-1
-1
-1
-1
-1
-1
-1
-1
-1
-1
-1
-1
-1
-1
)


// ************************************************************************* //
